====================================================================================================
GAME RECOMMENDATION SCORES - Gamer Pro (ID: 1)
Age: 25, Gender: male
====================================================================================================

WEIGHTS: SVD(45%) + Content(35%) + Demographic(20%)
----------------------------------------------------------------------------------------------------

Rank Game Name                      Base     Boosted  Boost   SVD      Content  Demo     Keyword  Rating   Price        Downloads   
--------------------------------------------------------------------------------------------------------------------------------------------
1    Apex Legends                   0.530    0.758    ×1.43   0.749    0.290    0.458    0.000    4.3      0            6,438,110   
2    The Witcher 3                  0.480    0.475    ×0.99   0.886    0.129    0.181    0.000    5.0      800,000      65,164,725  
3    Red Dead Redemption 2          0.599    0.474    ×0.79   1.000    0.164    0.458    0.000    4.7      1,200,000    7,051,696   
4    Valorant                       0.330    0.421    ×1.28   0.477    0.203    0.222    0.000    4.2      0            53,844,198  
5    Overwatch 2                    0.256    0.366    ×1.43   0.315    0.232    0.167    0.000    3.9      0            57,011,773  
6    Gran Turismo 7                 0.329    0.299    ×0.91   0.564    0.097    0.208    0.000    4.1      100,000      74,642,763  
7    Assassin's Creed Valhalla      0.339    0.273    ×0.80   0.506    0.081    0.417    0.000    4.4      1,600,000    86,145,166  
8    Among Us                       0.286    0.264    ×0.92   0.479    0.090    0.194    0.000    4.1      50,000       72,318,373  
9    Grand Theft Auto V             0.222    0.234    ×1.06   0.259    0.079    0.389    0.000    4.8      1,400,000    53,112,985  
10   Sims 4                         0.175    0.208    ×1.19   0.281    0.138    0.000    0.000    3.8      1,200,000    9,973,115   
11   Fall Guys                      0.214    0.207    ×0.97   0.227    0.216    0.181    0.000    3.8      0            51,974,930  
12   FIFA 23                        0.122    0.204    ×1.67   0.173    0.127    0.000    0.000    3.9      1,800,000    95,143,516  
13   Stellaris                      0.148    0.165    ×1.12   0.278    0.064    0.000    0.000    4.3      100,000      45,169,079  
14   Assetto Corsa                  0.198    0.165    ×0.83   0.391    0.031    0.056    0.000    4.8      800,000      22,455,925  
15   FIFA 24                        0.101    0.153    ×1.52   0.000    0.194    0.167    0.000    4.3      1,800,000    71,645,622  
16   Madden NFL 24                  0.122    0.148    ×1.21   0.019    0.261    0.111    0.000    4.5      0            28,871,611  
17   Crusader Kings III             0.136    0.146    ×1.07   0.168    0.158    0.028    0.000    4.0      0            93,104,288  
18   Lost Ark                       0.139    0.123    ×0.89   0.105    0.127    0.236    0.000    4.0      1,600,000    96,982,395  
19   NBA 2K24                       0.078    0.122    ×1.57   0.000    0.143    0.139    0.000    4.1      800,000      36,957,011  
20   F1 23                          0.090    0.107    ×1.19   0.123    0.051    0.083    0.000    4.7      1,600,000    37,246,860  
21   Counter-Strike 2               0.166    0.098    ×0.59   0.274    0.010    0.194    0.000    3.6      500,000      80,665,291  
22   Hearts of Iron IV              0.101    0.090    ×0.89   0.070    0.199    0.000    0.000    3.7      0            61,747,455  
23   Dragon Nest                    0.092    0.089    ×0.97   0.034    0.187    0.056    0.000    4.3      100,000      15,960,607  
24   New World                      0.067    0.088    ×1.31   0.000    0.145    0.083    0.000    4.2      500,000      42,984,306  
25   Stardew Valley                 0.111    0.086    ×0.77   0.215    0.040    0.000    0.000    4.9      400,000      77,038,907  
26   Victoria 3                     0.074    0.079    ×1.07   0.020    0.154    0.056    0.000    4.5      500,000      6,190,730   
27   iRacing                        0.061    0.069    ×1.14   0.032    0.132    0.000    0.000    4.6      1,600,000    17,202,925  
28   Dota 2                         0.082    0.069    ×0.83   0.000    0.204    0.056    0.000    4.8      0            18,044,707  
29   World of Warcraft              0.053    0.068    ×1.30   0.017    0.129    0.000    0.000    4.3      800,000      34,476,322  
30   League of Legends              0.058    0.060    ×1.04   0.051    0.099    0.000    0.000    4.1      0            71,564,220  
31   Path of Exile                  0.072    0.060    ×0.83   0.051    0.140    0.000    0.000    3.5      0            44,211,525  
32   Europa Universalis IV          0.045    0.048    ×1.07   0.004    0.109    0.028    0.000    4.4      0            91,512,754  
33   Vindictus                      0.060    0.046    ×0.77   0.049    0.110    0.000    0.000    3.6      300,000      60,289,579  
34   Cities: Skylines               0.033    0.045    ×1.37   0.070    0.005    0.000    0.000    4.0      1,800,000    46,439,620  
35   Warframe                       0.074    0.041    ×0.56   0.051    0.144    0.000    0.000    4.1      100,000      51,086,239  
36   Black Desert Online            0.054    0.041    ×0.77   0.014    0.088    0.083    0.000    4.3      1,800,000    46,509,981  
37   MapleStory 2                   0.040    0.039    ×0.97   0.004    0.110    0.000    0.000    4.9      0            79,218,401  
38   Forza Horizon 5                0.056    0.039    ×0.69   0.022    0.132    0.000    0.000    4.6      100,000      36,715,118  
39   Diablo IV                      0.034    0.038    ×1.12   0.051    0.031    0.000    0.000    3.8      500,000      84,229,735  
40   NHL 24                         0.022    0.037    ×1.67   0.019    0.040    0.000    0.000    4.0      800,000      65,207,339  
41   Total War: Warhammer III       0.043    0.037    ×0.87   0.045    0.000    0.111    0.000    3.9      100,000      92,674,595  
42   Guild Wars 2                   0.048    0.037    ×0.77   0.004    0.004    0.222    0.000    4.6      1,200,000    92,093,688  
43   Elder Scrolls Online           0.047    0.037    ×0.77   0.000    0.056    0.139    0.000    3.8      800,000      92,566,884  
44   Civilization VI                0.041    0.034    ×0.83   0.024    0.053    0.056    0.000    4.9      500,000      79,259,887  
45   Rocket League                  0.036    0.032    ×0.89   0.000    0.102    0.000    0.000    4.1      800,000      75,140,499  
46   Tera                           0.041    0.032    ×0.77   0.000    0.038    0.139    0.000    3.5      1,800,000    54,027,192  
47   Minecraft                      0.044    0.031    ×0.71   0.051    0.060    0.000    0.000    4.8      300,000      67,726,259  
48   Final Fantasy XIV              0.040    0.030    ×0.77   0.047    0.037    0.028    0.000    4.0      500,000      82,542,277  
49   Call of Duty: Modern Warfare   0.041    0.026    ×0.65   0.051    0.051    0.000    0.000    4.5      1,200,000    92,660,441  
50   Age of Empires IV              0.037    0.025    ×0.69   0.051    0.039    0.000    0.000    4.6      1,200,000    65,242,646  
----------------------------------------------------------------------------------------------------
Total games: 50

==================================================
SCORE STATISTICS
==================================================
Base Score      - Max: 0.599, Min: 0.022, Avg: 0.133
Boosted Score   - Max: 0.758, Min: 0.025, Avg: 0.137
Boost Factors   - Max: ×1.67, Min: ×0.56, Avg: ×1.01
Games Boosted   - 21/50 games
SVD Score       - Max: 1.000, Min: 0.004, Avg: 0.194
Content Score   - Max: 0.290, Min: 0.004, Avg: 0.113
Demo Score      - Max: 0.458, Min: 0.028, Avg: 0.165

==================================================
TOP 5 GAMES BY SCORE TYPE
==================================================
Top 5 Hybrid Score:
  1. Apex Legends - 0.758
  2. The Witcher 3 - 0.475
  3. Red Dead Redemption 2 - 0.474
  4. Valorant - 0.421
  5. Overwatch 2 - 0.366

Top 5 SVD Score:
  1. Red Dead Redemption 2 - 1.000
  2. The Witcher 3 - 0.886
  3. Apex Legends - 0.749
  4. Gran Turismo 7 - 0.564
  5. Assassin's Creed Valhalla - 0.506

Top 5 Content Score:
  1. Apex Legends - 0.290
  2. Madden NFL 24 - 0.261
  3. Overwatch 2 - 0.232
  4. Fall Guys - 0.216
  5. Dota 2 - 0.204

====================================================================================================
Generated by Game Recommendation System
====================================================================================================
