====================================================================================================
GAME RECOMMENDATION SCORES - Casual Player (ID: 2)
Age: 35, Gender: female
====================================================================================================

WEIGHTS: SVD(45%) + Content(35%) + Demographic(20%)
----------------------------------------------------------------------------------------------------

Rank Game Name                      Hybrid   SVD      Content  Demo     Keyword  Rating   Price        Downloads   
------------------------------------------------------------------------------------------------------------------------
1    World of Warcraft              0.532    0.637    0.384    0.556    0.000    4.3      800,000      34,476,322  
2    Assassin's Creed Valhalla      0.520    0.868    0.218    0.267    0.000    4.4      1,600,000    86,145,166  
3    Blade & Soul                   0.501    0.713    0.303    0.370    0.000    4.8      1,800,000    13,151,298  
4    Madden NFL 24                  0.470    0.673    0.334    0.252    0.000    4.5      0            28,871,611  
5    Red Dead Redemption 2          0.465    0.598    0.324    0.415    0.000    4.7      1,200,000    7,051,696   
6    Black Desert Online            0.464    0.723    0.312    0.148    0.000    4.3      1,800,000    46,509,981  
7    Forza Horizon 5                0.463    0.718    0.316    0.148    0.000    4.6      100,000      36,715,118  
8    iRacing                        0.462    0.613    0.426    0.185    0.000    4.6      1,600,000    17,202,925  
9    Guild Wars 2                   0.454    0.736    0.223    0.222    0.000    4.6      1,200,000    92,093,688  
10   Victoria 3                     0.424    0.681    0.336    0.000    0.000    4.5      500,000      6,190,730   
11   Tera                           0.415    0.687    0.240    0.111    0.000    3.5      1,800,000    54,027,192  
12   Lost Ark                       0.412    0.718    0.171    0.148    0.000    4.0      1,600,000    96,982,395  
13   Dragon Nest                    0.408    0.630    0.356    0.000    0.000    4.3      100,000      15,960,607  
14   NHL 24                         0.399    0.654    0.173    0.222    0.000    4.0      800,000      65,207,339  
15   Dota 2                         0.385    0.663    0.246    0.000    0.000    4.8      0            18,044,707  
16   Civilization VI                0.380    0.627    0.279    0.000    0.000    4.9      500,000      79,259,887  
17   Elder Scrolls Online           0.370    0.642    0.219    0.022    0.000    3.8      800,000      92,566,884  
18   F1 23                          0.368    0.553    0.340    0.000    0.000    4.7      1,600,000    37,246,860  
19   Final Fantasy XIV              0.367    0.648    0.217    0.000    0.000    4.0      500,000      82,542,277  
20   Vindictus                      0.365    0.599    0.211    0.111    0.000    3.6      300,000      60,289,579  
21   Europa Universalis IV          0.345    0.651    0.148    0.000    0.000    4.4      0            91,512,754  
22   Counter-Strike 2               0.341    0.708    0.066    0.000    0.000    3.6      500,000      80,665,291  
23   Cyberpunk 2077                 0.340    0.585    0.220    0.000    0.000    4.2      1,200,000    76,129,705  
24   Call of Duty: Modern Warfare   0.334    0.585    0.201    0.000    0.000    4.5      1,200,000    92,660,441  
25   Total War: Warhammer III       0.333    0.617    0.115    0.074    0.000    3.9      100,000      92,674,595  
26   Warframe                       0.323    0.585    0.172    0.000    0.000    4.1      100,000      51,086,239  
27   Age of Empires IV              0.323    0.567    0.168    0.044    0.000    4.6      1,200,000    65,242,646  
28   Path of Exile                  0.318    0.585    0.157    0.000    0.000    3.5      0            44,211,525  
29   Apex Legends                   0.317    0.558    0.189    0.000    0.000    4.3      0            6,438,110   
30   Crusader Kings III             0.312    0.578    0.149    0.000    0.000    4.0      0            93,104,288  
31   Destiny 2                      0.310    0.585    0.133    0.000    0.000    3.7      1,600,000    77,471,488  
32   Valorant                       0.303    0.623    0.065    0.000    0.000    4.2      0            53,844,198  
33   Fall Guys                      0.299    0.618    0.060    0.000    0.000    3.8      0            51,974,930  
34   Minecraft                      0.297    0.585    0.097    0.000    0.000    4.8      300,000      67,726,259  
35   Hollow Knight                  0.295    0.585    0.091    0.000    0.000    4.8      450,000      62,752,174  
36   Tetris                         0.280    0.585    0.046    0.000    0.000    4.6      100,000      44,783,712  
37   Diablo IV                      0.275    0.585    0.035    0.000    0.000    3.8      500,000      84,229,735  
38   League of Legends              0.263    0.585    0.000    0.000    0.000    4.1      0            71,564,220  
39   Candy Crush Saga               0.263    0.585    0.000    0.000    0.000    3.8      1,200,000    73,462,243  
----------------------------------------------------------------------------------------------------
Total games: 39

==================================================
SCORE STATISTICS
==================================================
Hybrid Score    - Max: 0.532, Min: 0.263, Avg: 0.372
SVD Score       - Max: 0.868, Min: 0.553, Avg: 0.634
Content Score   - Max: 0.426, Min: 0.000, Avg: 0.204
Demo Score      - Max: 0.556, Min: 0.022, Avg: 0.206

==================================================
TOP 5 GAMES BY SCORE TYPE
==================================================
Top 5 Hybrid Score:
  1. World of Warcraft - 0.532
  2. Assassin's Creed Valhalla - 0.520
  3. Blade & Soul - 0.501
  4. Madden NFL 24 - 0.470
  5. Red Dead Redemption 2 - 0.465

Top 5 SVD Score:
  1. Assassin's Creed Valhalla - 0.868
  2. Guild Wars 2 - 0.736
  3. Black Desert Online - 0.723
  4. Forza Horizon 5 - 0.718
  5. Lost Ark - 0.718

Top 5 Content Score:
  1. iRacing - 0.426
  2. World of Warcraft - 0.384
  3. Dragon Nest - 0.356
  4. F1 23 - 0.340
  5. Victoria 3 - 0.336

====================================================================================================
Generated by Game Recommendation System
====================================================================================================
