====================================================================================================
GAME RECOMMENDATION SCORES - Mobile Gamer (ID: 3)
Age: 22, Gender: male
====================================================================================================

WEIGHTS: SVD(45%) + Content(35%) + Demographic(20%)
----------------------------------------------------------------------------------------------------

Rank Game Name                      Hybrid   SVD      Content  Demo     Keyword  Rating   Price        Downloads   
------------------------------------------------------------------------------------------------------------------------
1    Valorant                       0.737    1.000    0.451    0.643    0.000    4.2      0            53,844,198  
2    Grand Theft Auto V             0.518    0.685    0.324    0.481    0.000    4.8      1,400,000    53,112,985  
3    Fortnite                       0.489    0.638    0.255    0.565    0.000    3.7      0            11,648,667  
4    Fall Guys                      0.489    0.594    0.407    0.394    0.000    3.8      0            51,974,930  
5    Overwatch 2                    0.464    0.514    0.432    0.409    0.000    3.9      0            57,011,773  
6    Gran Turismo 7                 0.278    0.452    0.111    0.177    0.000    4.1      100,000      74,642,763  
7    Lost Ark                       0.243    0.273    0.303    0.067    0.000    4.0      1,600,000    96,982,395  
8    Guild Wars 2                   0.164    0.231    0.148    0.043    0.000    4.6      1,200,000    92,093,688  
9    League of Legends              0.149    0.046    0.367    0.000    0.000    4.1      0            71,564,220  
10   FIFA 24                        0.144    0.124    0.252    0.000    0.000    4.3      1,800,000    71,645,622  
11   Hollow Knight                  0.141    0.046    0.345    0.000    0.000    4.8      450,000      62,752,174  
12   New World                      0.136    0.158    0.186    0.000    0.000    4.2      500,000      42,984,306  
13   Minecraft                      0.135    0.046    0.327    0.000    0.000    4.8      300,000      67,726,259  
14   Stardew Valley                 0.133    0.033    0.338    0.000    0.000    4.9      400,000      77,038,907  
15   Candy Crush Saga               0.132    0.046    0.318    0.000    0.000    3.8      1,200,000    73,462,243  
16   Europa Universalis IV          0.131    0.125    0.215    0.000    0.000    4.4      0            91,512,754  
17   Dota 2                         0.126    0.062    0.281    0.000    0.000    4.8      0            18,044,707  
18   Hearts of Iron IV              0.122    0.047    0.284    0.009    0.000    3.7      0            61,747,455  
19   Forza Horizon 5                0.116    0.100    0.202    0.000    0.000    4.6      100,000      36,715,118  
20   Dragon Nest                    0.113    0.048    0.262    0.000    0.000    4.3      100,000      15,960,607  
21   Tetris                         0.111    0.046    0.257    0.000    0.000    4.6      100,000      44,783,712  
22   Diablo IV                      0.110    0.046    0.257    0.000    0.000    3.8      500,000      84,229,735  
23   Madden NFL 24                  0.109    0.088    0.182    0.029    0.000    4.5      0            28,871,611  
24   MapleStory 2                   0.106    0.078    0.181    0.035    0.000    4.9      0            79,218,401  
25   Crusader Kings III             0.103    0.098    0.169    0.000    0.000    4.0      0            93,104,288  
26   Warframe                       0.101    0.046    0.231    0.000    0.000    4.1      100,000      51,086,239  
27   Victoria 3                     0.085    0.070    0.154    0.000    0.000    4.5      500,000      6,190,730   
28   Call of Duty: Modern Warfare   0.083    0.046    0.179    0.000    0.000    4.5      1,200,000    92,660,441  
29   Age of Empires IV              0.083    0.033    0.194    0.000    0.000    4.6      1,200,000    65,242,646  
30   NBA 2K24                       0.082    0.138    0.048    0.017    0.000    4.1      800,000      36,957,011  
31   Black Desert Online            0.081    0.093    0.113    0.000    0.000    4.3      1,800,000    46,509,981  
32   Blade & Soul                   0.077    0.082    0.116    0.000    0.000    4.8      1,800,000    13,151,298  
33   Final Fantasy XIV              0.072    0.106    0.068    0.000    0.000    4.0      500,000      82,542,277  
34   Vindictus                      0.070    0.055    0.129    0.000    0.000    3.6      300,000      60,289,579  
35   Path of Exile                  0.067    0.046    0.134    0.000    0.000    3.5      0            44,211,525  
36   iRacing                        0.066    0.053    0.121    0.000    0.000    4.6      1,600,000    17,202,925  
37   Aion                           0.061    0.072    0.081    0.000    0.000    4.7      1,200,000    94,346,256  
38   World of Warcraft              0.058    0.056    0.094    0.000    0.000    4.3      800,000      34,476,322  
39   Civilization VI                0.057    0.061    0.085    0.000    0.000    4.9      500,000      79,259,887  
40   NHL 24                         0.052    0.049    0.086    0.000    0.000    4.0      800,000      65,207,339  
41   Elder Scrolls Online           0.051    0.069    0.058    0.000    0.000    3.8      800,000      92,566,884  
42   Total War: Warhammer III       0.048    0.074    0.027    0.029    0.000    3.9      100,000      92,674,595  
43   FIFA 23                        0.048    0.083    0.031    0.000    0.000    3.9      1,800,000    95,143,516  
44   Sims 4                         0.047    0.000    0.134    0.000    0.000    3.8      1,200,000    9,973,115   
45   Assetto Corsa                  0.047    0.087    0.016    0.009    0.000    4.8      800,000      22,455,925  
46   F1 23                          0.035    0.036    0.045    0.017    0.000    4.7      1,600,000    37,246,860  
47   Destiny 2                      0.034    0.046    0.038    0.000    0.000    3.7      1,600,000    77,471,488  
48   Rocket League                  0.034    0.017    0.075    0.000    0.000    4.1      800,000      75,140,499  
49   Cyberpunk 2077                 0.032    0.046    0.032    0.000    0.000    4.2      1,200,000    76,129,705  
50   Tera                           0.016    0.036    0.000    0.000    0.000    3.5      1,800,000    54,027,192  
51   Stellaris                      0.014    0.017    0.019    0.000    0.000    4.3      100,000      45,169,079  
52   Cities: Skylines               0.006    0.012    0.001    0.000    0.000    4.0      1,800,000    46,439,620  
----------------------------------------------------------------------------------------------------
Total games: 52

==================================================
SCORE STATISTICS
==================================================
Hybrid Score    - Max: 0.737, Min: 0.006, Avg: 0.135
SVD Score       - Max: 1.000, Min: 0.012, Avg: 0.140
Content Score   - Max: 0.451, Min: 0.001, Avg: 0.180
Demo Score      - Max: 0.643, Min: 0.009, Avg: 0.195

==================================================
TOP 5 GAMES BY SCORE TYPE
==================================================
Top 5 Hybrid Score:
  1. Valorant - 0.737
  2. Grand Theft Auto V - 0.518
  3. Fortnite - 0.489
  4. Fall Guys - 0.489
  5. Overwatch 2 - 0.464

Top 5 SVD Score:
  1. Valorant - 1.000
  2. Grand Theft Auto V - 0.685
  3. Fortnite - 0.638
  4. Fall Guys - 0.594
  5. Overwatch 2 - 0.514

Top 5 Content Score:
  1. Valorant - 0.451
  2. Overwatch 2 - 0.432
  3. Fall Guys - 0.407
  4. League of Legends - 0.367
  5. Hollow Knight - 0.345

====================================================================================================
Generated by Game Recommendation System
====================================================================================================
