====================================================================================================
GAME RECOMMENDATION SCORES - Mobile Gamer (ID: 3)
Age: 22, Gender: male
====================================================================================================

WEIGHTS: SVD(45%) + Content(35%) + Demographic(20%)
----------------------------------------------------------------------------------------------------

Rank Game Name                      Hybrid   SVD      Content  Demo     Keyword  Rating   Price        Downloads   
------------------------------------------------------------------------------------------------------------------------
1    Valorant                       0.741    1.010    0.451    0.643    0.000    4.2      0            53,844,198  
2    Grand Theft Auto V             0.584    0.833    0.324    0.481    0.000    4.8      1,400,000    53,112,985  
3    Fall Guys                      0.573    0.781    0.407    0.394    0.000    3.8      0            51,974,930  
4    Fortnite                       0.565    0.806    0.255    0.565    0.000    3.7      0            11,648,667  
5    Overwatch 2                    0.564    0.736    0.432    0.409    0.000    3.9      0            57,011,773  
6    Gran Turismo 7                 0.390    0.701    0.111    0.177    0.000    4.1      100,000      74,642,763  
7    Lost Ark                       0.389    0.600    0.303    0.067    0.000    4.0      1,600,000    96,982,395  
8    League of Legends              0.341    0.471    0.367    0.000    0.000    4.1      0            71,564,220  
9    Hollow Knight                  0.333    0.471    0.345    0.000    0.000    4.8      450,000      62,752,174  
10   Stardew Valley                 0.327    0.464    0.338    0.000    0.000    4.9      400,000      77,038,907  
11   Minecraft                      0.327    0.471    0.327    0.000    0.000    4.8      300,000      67,726,259  
12   Candy Crush Saga               0.323    0.471    0.318    0.000    0.000    3.8      1,200,000    73,462,243  
13   FIFA 24                        0.320    0.515    0.252    0.000    0.000    4.3      1,800,000    71,645,622  
14   Guild Wars 2                   0.320    0.576    0.148    0.043    0.000    4.6      1,200,000    92,093,688  
15   Dota 2                         0.315    0.481    0.281    0.000    0.000    4.8      0            18,044,707  
16   Hearts of Iron IV              0.314    0.472    0.284    0.009    0.000    3.7      0            61,747,455  
17   Europa Universalis IV          0.307    0.516    0.215    0.000    0.000    4.4      0            91,512,754  
18   New World                      0.306    0.535    0.186    0.000    0.000    4.2      500,000      42,984,306  
19   Dragon Nest                    0.304    0.473    0.262    0.000    0.000    4.3      100,000      15,960,607  
20   Tetris                         0.302    0.471    0.257    0.000    0.000    4.6      100,000      44,783,712  
21   Diablo IV                      0.302    0.471    0.257    0.000    0.000    3.8      500,000      84,229,735  
22   Forza Horizon 5                0.297    0.502    0.202    0.000    0.000    4.6      100,000      36,715,118  
23   Warframe                       0.293    0.471    0.231    0.000    0.000    4.1      100,000      51,086,239  
24   Madden NFL 24                  0.292    0.495    0.182    0.029    0.000    4.5      0            28,871,611  
25   MapleStory 2                   0.291    0.490    0.181    0.035    0.000    4.9      0            79,218,401  
26   Crusader Kings III             0.285    0.501    0.169    0.000    0.000    4.0      0            93,104,288  
27   Age of Empires IV              0.277    0.464    0.194    0.000    0.000    4.6      1,200,000    65,242,646  
28   Call of Duty: Modern Warfare   0.275    0.471    0.179    0.000    0.000    4.5      1,200,000    92,660,441  
29   Victoria 3                     0.272    0.485    0.154    0.000    0.000    4.5      500,000      6,190,730   
30   Black Desert Online            0.263    0.498    0.113    0.000    0.000    4.3      1,800,000    46,509,981  
31   Blade & Soul                   0.262    0.492    0.116    0.000    0.000    4.8      1,800,000    13,151,298  
32   Vindictus                      0.260    0.476    0.129    0.000    0.000    3.6      300,000      60,289,579  
33   Path of Exile                  0.259    0.471    0.134    0.000    0.000    3.5      0            44,211,525  
34   iRacing                        0.256    0.475    0.121    0.000    0.000    4.6      1,600,000    17,202,925  
35   NBA 2K24                       0.256    0.524    0.048    0.017    0.000    4.1      800,000      36,957,011  
36   Final Fantasy XIV              0.251    0.506    0.068    0.000    0.000    4.0      500,000      82,542,277  
37   World of Warcraft              0.248    0.477    0.094    0.000    0.000    4.3      800,000      34,476,322  
38   Sims 4                         0.247    0.446    0.134    0.000    0.000    3.8      1,200,000    9,973,115   
39   Aion                           0.247    0.486    0.081    0.000    0.000    4.7      1,200,000    94,346,256  
40   Civilization VI                0.246    0.480    0.085    0.000    0.000    4.9      500,000      79,259,887  
41   NHL 24                         0.243    0.473    0.086    0.000    0.000    4.0      800,000      65,207,339  
42   Elder Scrolls Online           0.238    0.484    0.058    0.000    0.000    3.8      800,000      92,566,884  
43   Total War: Warhammer III       0.235    0.487    0.027    0.029    0.000    3.9      100,000      92,674,595  
44   FIFA 23                        0.232    0.492    0.031    0.000    0.000    3.9      1,800,000    95,143,516  
45   Rocket League                  0.231    0.455    0.075    0.000    0.000    4.1      800,000      75,140,499  
46   Assetto Corsa                  0.230    0.495    0.016    0.009    0.000    4.8      800,000      22,455,925  
47   F1 23                          0.229    0.466    0.045    0.017    0.000    4.7      1,600,000    37,246,860  
48   Destiny 2                      0.226    0.471    0.038    0.000    0.000    3.7      1,600,000    77,471,488  
49   Cyberpunk 2077                 0.223    0.471    0.032    0.000    0.000    4.2      1,200,000    76,129,705  
50   Stellaris                      0.211    0.455    0.019    0.000    0.000    4.3      100,000      45,169,079  
51   Tera                           0.210    0.466    0.000    0.000    0.000    3.5      1,800,000    54,027,192  
52   Cities: Skylines               0.204    0.453    0.001    0.000    0.000    4.0      1,800,000    46,439,620  
----------------------------------------------------------------------------------------------------
Total games: 52

==================================================
SCORE STATISTICS
==================================================
Hybrid Score    - Max: 0.741, Min: 0.204, Avg: 0.308
SVD Score       - Max: 1.010, Min: 0.446, Avg: 0.523
Content Score   - Max: 0.451, Min: 0.001, Avg: 0.180
Demo Score      - Max: 0.643, Min: 0.009, Avg: 0.195

==================================================
TOP 5 GAMES BY SCORE TYPE
==================================================
Top 5 Hybrid Score:
  1. Valorant - 0.741
  2. Grand Theft Auto V - 0.584
  3. Fall Guys - 0.573
  4. Fortnite - 0.565
  5. Overwatch 2 - 0.564

Top 5 SVD Score:
  1. Valorant - 1.010
  2. Grand Theft Auto V - 0.833
  3. Fortnite - 0.806
  4. Fall Guys - 0.781
  5. Overwatch 2 - 0.736

Top 5 Content Score:
  1. Valorant - 0.451
  2. Overwatch 2 - 0.432
  3. Fall Guys - 0.407
  4. League of Legends - 0.367
  5. Hollow Knight - 0.345

====================================================================================================
Generated by Game Recommendation System
====================================================================================================
