====================================================================================================
GAME RECOMMENDATION SCORES - Gamer Pro (ID: 1)
Age: 25, Gender: male
====================================================================================================

WEIGHTS: SVD(45%) + Content(35%) + Demographic(20%)
----------------------------------------------------------------------------------------------------

Rank Game Name                      Hybrid   SVD      Content  Demo     Keyword  Rating   Price        Downloads   
------------------------------------------------------------------------------------------------------------------------
1    Red Dead Redemption 2          0.523    0.825    0.135    0.525    0.000    4.7      1,200,000    7,051,696   
2    Valorant                       0.467    0.727    0.254    0.256    0.000    4.2      0            53,844,198  
3    Overwatch 2                    0.432    0.662    0.259    0.217    0.000    3.9      0            57,011,773  
4    Assassin's Creed Valhalla      0.431    0.696    0.000    0.592    0.000    4.4      1,600,000    86,145,166  
5    Among Us                       0.425    0.647    0.239    0.253    0.000    4.1      50,000       72,318,373  
6    Counter-Strike 2               0.403    0.668    0.102    0.336    0.000    3.6      500,000      80,665,291  
7    Grand Theft Auto V             0.384    0.585    0.098    0.431    0.000    4.8      1,400,000    53,112,985  
8    Gran Turismo 7                 0.378    0.684    0.000    0.350    0.000    4.1      100,000      74,642,763  
9    Lost Ark                       0.355    0.509    0.167    0.336    0.000    4.0      1,600,000    96,982,395  
10   Assetto Corsa                  0.347    0.639    0.119    0.089    0.000    4.8      800,000      22,455,925  
11   Hearts of Iron IV              0.328    0.547    0.216    0.033    0.000    3.7      0            61,747,455  
12   Stellaris                      0.322    0.604    0.145    0.000    0.000    4.3      100,000      45,169,079  
13   FIFA 23                        0.319    0.559    0.192    0.000    0.000    3.9      1,800,000    95,143,516  
14   Sims 4                         0.315    0.603    0.125    0.000    0.000    3.8      1,200,000    9,973,115   
15   League of Legends              0.312    0.524    0.218    0.000    0.000    4.1      0            71,564,220  
16   Stardew Valley                 0.311    0.548    0.184    0.000    0.000    4.9      400,000      77,038,907  
17   F1 23                          0.310    0.538    0.108    0.150    0.000    4.7      1,600,000    37,246,860  
18   Tetris                         0.304    0.524    0.196    0.000    0.000    4.6      100,000      44,783,712  
19   Crusader Kings III             0.301    0.540    0.132    0.061    0.000    4.0      0            93,104,288  
20   Minecraft                      0.299    0.524    0.181    0.000    0.000    4.8      300,000      67,726,259  
21   Hollow Knight                  0.298    0.524    0.180    0.000    0.000    4.8      450,000      62,752,174  
22   Diablo IV                      0.298    0.524    0.179    0.000    0.000    3.8      500,000      84,229,735  
23   Candy Crush Saga               0.296    0.524    0.174    0.000    0.000    3.8      1,200,000    73,462,243  
24   Elder Scrolls Online           0.296    0.500    0.123    0.139    0.000    3.8      800,000      92,566,884  
25   Warframe                       0.281    0.524    0.131    0.000    0.000    4.1      100,000      51,086,239  
26   Vindictus                      0.281    0.519    0.137    0.000    0.000    3.6      300,000      60,289,579  
27   Civilization VI                0.278    0.506    0.111    0.056    0.000    4.9      500,000      79,259,887  
28   Path of Exile                  0.276    0.524    0.116    0.000    0.000    3.5      0            44,211,525  
29   iRacing                        0.274    0.511    0.125    0.000    0.000    4.6      1,600,000    17,202,925  
30   Age of Empires IV              0.272    0.530    0.096    0.000    0.000    4.6      1,200,000    65,242,646  
31   Europa Universalis IV          0.270    0.509    0.102    0.028    0.000    4.4      0            91,512,754  
32   Cyberpunk 2077                 0.267    0.524    0.090    0.000    0.000    4.2      1,200,000    76,129,705  
33   World of Warcraft              0.263    0.499    0.109    0.000    0.000    4.3      800,000      34,476,322  
34   Total War: Warhammer III       0.253    0.514    0.000    0.111    0.000    3.9      100,000      92,674,595  
35   Cities: Skylines               0.243    0.540    0.000    0.000    0.000    4.0      1,800,000    46,439,620  
36   Dragon Nest                    0.240    0.501    0.000    0.072    0.000    4.3      100,000      15,960,607  
37   Call of Duty: Modern Warfare   0.236    0.524    0.000    0.000    0.000    4.5      1,200,000    92,660,441  
38   Destiny 2                      0.236    0.524    0.000    0.000    0.000    3.7      1,600,000    77,471,488  
39   Final Fantasy XIV              0.233    0.506    0.000    0.028    0.000    4.0      500,000      82,542,277  
----------------------------------------------------------------------------------------------------
Total games: 39

==================================================
SCORE STATISTICS
==================================================
Hybrid Score    - Max: 0.523, Min: 0.233, Avg: 0.317
SVD Score       - Max: 0.825, Min: 0.499, Avg: 0.563
Content Score   - Max: 0.259, Min: 0.090, Avg: 0.153
Demo Score      - Max: 0.592, Min: 0.028, Avg: 0.214

==================================================
TOP 5 GAMES BY SCORE TYPE
==================================================
Top 5 Hybrid Score:
  1. Red Dead Redemption 2 - 0.523
  2. Valorant - 0.467
  3. Overwatch 2 - 0.432
  4. Assassin's Creed Valhalla - 0.431
  5. Among Us - 0.425

Top 5 SVD Score:
  1. Red Dead Redemption 2 - 0.825
  2. Valorant - 0.727
  3. Assassin's Creed Valhalla - 0.696
  4. Gran Turismo 7 - 0.684
  5. Counter-Strike 2 - 0.668

Top 5 Content Score:
  1. Overwatch 2 - 0.259
  2. Valorant - 0.254
  3. Among Us - 0.239
  4. League of Legends - 0.218
  5. Hearts of Iron IV - 0.216

====================================================================================================
Generated by Game Recommendation System
====================================================================================================
