====================================================================================================
GAME RECOMMENDATION SCORES - Casual Player (ID: 2)
Age: 35, Gender: female
====================================================================================================

WEIGHTS: SVD(45%) + Content(35%) + Demographic(20%)
----------------------------------------------------------------------------------------------------

Rank Game Name                      Base     Boosted  Boost   SVD      Content  Demo     Keyword  Rating   Price        Downloads   
--------------------------------------------------------------------------------------------------------------------------------------------
1    Blade & Soul                   0.521    0.749    ×1.44   0.832    0.292    0.222    0.000    4.8      1,800,000    13,151,298  
2    World of Warcraft              0.512    0.714    ×1.39   0.753    0.305    0.333    0.000    4.3      800,000      34,476,322  
3    iRacing                        0.491    0.655    ×1.34   0.750    0.374    0.111    0.000    4.6      1,600,000    17,202,925  
4    Madden NFL 24                  0.488    0.643    ×1.32   0.792    0.311    0.111    0.000    4.5      0            28,871,611  
5    NHL 24                         0.417    0.626    ×1.50   0.772    0.122    0.133    0.000    4.0      800,000      65,207,339  
6    Dragon Nest                    0.435    0.625    ×1.44   0.740    0.292    0.000    0.000    4.3      100,000      15,960,607  
7    Vindictus                      0.402    0.554    ×1.38   0.735    0.165    0.067    0.000    3.6      300,000      60,289,579  
8    Guild Wars 2                   0.520    0.503    ×0.97   1.000    0.200    0.000    0.000    4.6      1,200,000    92,093,688  
9    Black Desert Online            0.484    0.496    ×1.02   0.825    0.273    0.089    0.000    4.3      1,800,000    46,509,981  
10   FIFA 23                        0.324    0.486    ×1.50   0.519    0.244    0.022    0.000    3.9      1,800,000    95,143,516  
11   F1 23                          0.357    0.467    ×1.31   0.551    0.313    0.000    0.000    4.7      1,600,000    37,246,860  
12   Assassin's Creed Valhalla      0.513    0.454    ×0.89   0.996    0.185    0.000    0.000    4.4      1,600,000    86,145,166  
13   Forza Horizon 5                0.481    0.448    ×0.93   0.812    0.280    0.089    0.000    4.6      100,000      36,715,118  
14   Elder Scrolls Online           0.447    0.435    ×0.97   0.838    0.199    0.000    0.000    3.8      800,000      92,566,884  
15   Tera                           0.424    0.434    ×1.02   0.793    0.191    0.000    0.000    3.5      1,800,000    54,027,192  
16   Lost Ark                       0.422    0.432    ×1.02   0.746    0.196    0.089    0.000    4.0      1,600,000    96,982,395  
17   Cities: Skylines               0.375    0.382    ×1.02   0.651    0.210    0.044    0.000    4.0      1,800,000    46,439,620  
18   Final Fantasy XIV              0.403    0.376    ×0.93   0.771    0.162    0.000    0.000    4.0      500,000      82,542,277  
19   Diablo IV                      0.335    0.350    ×1.05   0.722    0.029    0.000    0.000    3.8      500,000      84,229,735  
20   Victoria 3                     0.471    0.335    ×0.71   0.794    0.325    0.000    0.000    4.5      500,000      6,190,730   
21   Dota 2                         0.461    0.328    ×0.71   0.846    0.229    0.000    0.000    4.8      0            18,044,707  
22   Europa Universalis IV          0.460    0.327    ×0.71   0.899    0.157    0.000    0.000    4.4      0            91,512,754  
23   Hollow Knight                  0.361    0.316    ×0.88   0.722    0.103    0.000    0.000    4.8      450,000      62,752,174  
24   Path of Exile                  0.365    0.303    ×0.83   0.722    0.114    0.000    0.000    3.5      0            44,211,525  
25   Civilization VI                0.448    0.290    ×0.65   0.785    0.271    0.000    0.000    4.9      500,000      79,259,887  
26   Counter-Strike 2               0.447    0.289    ×0.65   0.972    0.028    0.000    0.000    3.6      500,000      80,665,291  
27   Minecraft                      0.357    0.266    ×0.74   0.722    0.094    0.000    0.000    4.8      300,000      67,726,259  
28   Total War: Warhammer III       0.370    0.263    ×0.71   0.738    0.083    0.044    0.000    3.9      100,000      92,674,595  
29   Warframe                       0.369    0.252    ×0.68   0.722    0.126    0.000    0.000    4.1      100,000      51,086,239  
30   Cyberpunk 2077                 0.397    0.246    ×0.62   0.722    0.207    0.000    0.000    4.2      1,200,000    76,129,705  
31   Call of Duty: Modern Warfare   0.381    0.246    ×0.65   0.722    0.160    0.000    0.000    4.5      1,200,000    92,660,441  
32   Candy Crush Saga               0.325    0.242    ×0.74   0.722    0.000    0.000    0.000    3.8      1,200,000    73,462,243  
33   Tetris                         0.344    0.234    ×0.68   0.722    0.055    0.000    0.000    4.6      100,000      44,783,712  
34   Age of Empires IV              0.391    0.232    ×0.59   0.722    0.190    0.000    0.000    4.6      1,200,000    65,242,646  
35   Fall Guys                      0.359    0.229    ×0.64   0.752    0.060    0.000    0.000    3.8      0            51,974,930  
36   Destiny 2                      0.348    0.225    ×0.65   0.722    0.066    0.000    0.000    3.7      1,600,000    77,471,488  
37   Sims 4                         0.218    0.222    ×1.02   0.184    0.235    0.267    0.000    3.8      1,200,000    9,973,115   
38   League of Legends              0.327    0.217    ×0.67   0.722    0.006    0.000    0.000    4.1      0            71,564,220  
39   Valorant                       0.316    0.211    ×0.67   0.654    0.063    0.000    0.000    4.2      0            53,844,198  
40   Hearts of Iron IV              0.331    0.205    ×0.62   0.651    0.083    0.044    0.000    3.7      0            61,747,455  
41   Crusader Kings III             0.276    0.179    ×0.65   0.525    0.114    0.000    0.000    4.0      0            93,104,288  
42   Fortnite                       0.245    0.166    ×0.68   0.403    0.183    0.000    0.000    3.7      0            11,648,667  
43   Assetto Corsa                  0.154    0.163    ×1.06   0.042    0.349    0.067    0.000    4.8      800,000      22,455,925  
44   Overwatch 2                    0.234    0.149    ×0.64   0.475    0.057    0.000    0.000    3.9      0            57,011,773  
45   Apex Legends                   0.222    0.141    ×0.64   0.353    0.179    0.000    0.000    4.3      0            6,438,110   
46   Stellaris                      0.203    0.137    ×0.68   0.251    0.257    0.000    0.000    4.3      100,000      45,169,079  
47   Elden Ring                     0.125    0.126    ×1.01   0.000    0.343    0.022    0.000    4.8      1,600,000    884,217     
48   Gran Turismo 7                 0.113    0.126    ×1.11   0.047    0.251    0.022    0.000    4.1      100,000      74,642,763  
49   Red Dead Redemption 2          0.121    0.117    ×0.97   0.000    0.296    0.089    0.000    4.7      1,200,000    7,051,696   
50   The Witcher 3                  0.079    0.074    ×0.93   0.000    0.214    0.022    0.000    5.0      800,000      65,164,725  
----------------------------------------------------------------------------------------------------
Total games: 50

==================================================
SCORE STATISTICS
==================================================
Base Score      - Max: 0.521, Min: 0.079, Avg: 0.359
Boosted Score   - Max: 0.749, Min: 0.074, Avg: 0.334
Boost Factors   - Max: ×1.50, Min: ×0.59, Avg: ×0.91
Games Boosted   - 18/50 games
SVD Score       - Max: 1.000, Min: 0.042, Avg: 0.679
Content Score   - Max: 0.374, Min: 0.006, Avg: 0.189
Demo Score      - Max: 0.333, Min: 0.022, Avg: 0.099

==================================================
TOP 5 GAMES BY SCORE TYPE
==================================================
Top 5 Hybrid Score:
  1. Blade & Soul - 0.749
  2. World of Warcraft - 0.714
  3. iRacing - 0.655
  4. Madden NFL 24 - 0.643
  5. NHL 24 - 0.626

Top 5 SVD Score:
  1. Guild Wars 2 - 1.000
  2. Assassin's Creed Valhalla - 0.996
  3. Counter-Strike 2 - 0.972
  4. Europa Universalis IV - 0.899
  5. Dota 2 - 0.846

Top 5 Content Score:
  1. iRacing - 0.374
  2. Assetto Corsa - 0.349
  3. Elden Ring - 0.343
  4. Victoria 3 - 0.325
  5. F1 23 - 0.313

====================================================================================================
Generated by Game Recommendation System
====================================================================================================
