====================================================================================================
GAME RECOMMENDATION SCORES - Gamer Pro (ID: 1)
Age: 20, Gender: male
Search Keyword: '18+'
====================================================================================================

WEIGHTS: SVD(15%) + Content(15%) + Demographic(10%) + Keyword(60%)
----------------------------------------------------------------------------------------------------

Rank Game Name                      Base     Boosted  Boost   SVD      Content  Demo     Keyword  Rating   Price        Downloads   
--------------------------------------------------------------------------------------------------------------------------------------------
1    Assassin's Creed Valhalla      0.339    0.360    ×1.06   1.000    0.378    0.425    0.067    4.4      1,600,000    86,145,166  
2    Valorant                       0.276    0.306    ×1.11   0.652    0.532    0.317    0.000    4.2      0            53,844,198  
3    Red Dead Redemption 2          0.298    0.304    ×1.02   0.808    0.412    0.300    0.067    4.7      1,200,000    7,051,696   
4    Grand Theft Auto V             0.256    0.284    ×1.11   0.826    0.324    0.150    0.067    4.8      1,400,000    53,112,985  
5    Overwatch 2                    0.229    0.231    ×1.01   0.523    0.557    0.108    0.000    3.9      0            57,011,773  
6    Hearts of Iron IV              0.209    0.214    ×1.02   0.158    0.612    0.050    0.067    3.7      0            61,747,455  
7    Gran Turismo 7                 0.195    0.203    ×1.04   0.421    0.531    0.025    0.000    4.1      100,000      74,642,763  
8    Stellaris                      0.151    0.203    ×1.34   0.054    0.597    0.000    0.000    4.3      100,000      45,169,079  
9    Horror Mansion                 0.203    0.196    ×0.97   0.000    0.345    0.000    0.267    4.2      563,614.37   40,812,434  
10   Dragon Nest                    0.136    0.186    ×1.37   0.140    0.479    0.000    0.000    4.3      100,000      15,960,607  
11   Roblox Studio                  0.152    0.182    ×1.20   0.000    0.507    0.000    0.067    4.4      4,447.09     79,864,937  
12   Path of Exile                  0.162    0.172    ×1.06   0.037    0.650    0.000    0.000    3.5      0            44,211,525  
13   Cyberpunk 2077                 0.160    0.171    ×1.07   0.026    0.525    0.000    0.067    4.2      1,200,000    76,129,705  
14   Counter-Strike 2               0.212    0.157    ×0.74   0.732    0.319    0.158    0.000    3.6      500,000      80,665,291  
15   Dota 2                         0.169    0.154    ×0.91   0.057    0.667    0.000    0.000    4.8      0            18,044,707  
16   Assetto Corsa                  0.153    0.153    ×1.00   0.169    0.532    0.000    0.000    4.8      800,000      22,455,925  
17   Science Explorer               0.135    0.151    ×1.12   0.000    0.438    0.000    0.067    4.9      157,690.45   44,213,227  
18   Aion                           0.135    0.150    ×1.11   0.120    0.487    0.000    0.000    4.7      1,200,000    94,346,256  
19   Elder Scrolls Online           0.146    0.149    ×1.02   0.170    0.504    0.000    0.000    3.8      800,000      92,566,884  
20   World of Warcraft              0.134    0.149    ×1.11   0.106    0.492    0.000    0.000    4.3      800,000      34,476,322  
21   Among Us                       0.197    0.147    ×0.74   0.694    0.255    0.200    0.000    4.1      50,000       72,318,373  
22   Stepmania                      0.092    0.138    ×1.50   0.000    0.384    0.000    0.000    4.7      1,803,777.7  93,749,130  
23   JoJo's Battle                  0.087    0.138    ×1.60   0.000    0.361    0.000    0.000    5.0      1,610,111.52 19,409,501  
24   Civilization VI                0.138    0.138    ×1.00   0.049    0.544    0.000    0.000    4.9      500,000      79,259,887  
25   Age of Empires IV              0.139    0.136    ×0.98   0.029    0.436    0.000    0.067    4.6      1,200,000    65,242,646  
26   Rollercoaster Tycoon           0.117    0.136    ×1.16   0.000    0.489    0.000    0.000    3.5      110,942.09   65,279,664  
27   Black Desert Online            0.139    0.135    ×0.97   0.178    0.467    0.000    0.000    4.3      1,800,000    46,509,981  
28   F1 23                          0.162    0.135    ×0.83   0.051    0.518    0.000    0.067    4.7      1,600,000    37,246,860  
29   Guild Wars 2                   0.151    0.134    ×0.89   0.215    0.369    0.000    0.067    4.6      1,200,000    92,093,688  
30   Brain Training                 0.137    0.133    ×0.97   0.000    0.447    0.000    0.067    4.2      121,635.35   8,333,938   
31   Heave Ho                       0.099    0.130    ×1.31   0.000    0.413    0.000    0.000    3.9      14,216.23    85,196,881  
32   Rock Band Ultimate             0.096    0.128    ×1.34   0.000    0.399    0.000    0.000    4.2      297,140.9    21,977,075  
33   Strike of Kings                0.105    0.128    ×1.22   0.000    0.436    0.000    0.000    4.8      290,861.08   32,076,179  
34   Left 4 Dead Together           0.081    0.127    ×1.57   0.000    0.337    0.000    0.000    4.4      444,483.06   88,361,304  
35   Blade & Soul                   0.124    0.126    ×1.02   0.102    0.455    0.000    0.000    4.8      1,800,000    13,151,298  
36   Rocket League                  0.156    0.125    ×0.80   0.165    0.548    0.000    0.000    4.1      800,000      75,140,499  
37   Final Fantasy XIV              0.160    0.123    ×0.77   0.125    0.462    0.000    0.067    4.0      500,000      82,542,277  
38   Metroid Prime                  0.115    0.122    ×1.06   0.000    0.355    0.000    0.067    2.7      335,140.59   98,331,917  
39   Tera                           0.131    0.122    ×0.93   0.106    0.479    0.000    0.000    3.5      1,800,000    54,027,192  
40   Civilization Pro               0.113    0.122    ×1.08   0.002    0.344    0.000    0.067    3.9      615,989.21   17,719,502  
41   Styx Master                    0.084    0.122    ×1.45   0.000    0.349    0.000    0.000    4.2      467,700.46   69,491,413  
42   Highway Heat                   0.103    0.120    ×1.17   0.000    0.429    0.000    0.000    4.1      251,844.13   44,905,899  
43   Minecraft Ultra                0.108    0.120    ×1.12   0.000    0.448    0.000    0.000    3.3      129,763.16   40,345,020  
44   Dead Space Horror              0.125    0.120    ×0.96   0.000    0.147    0.000    0.200    2.6      466,969      75,500,147  
45   Remnant Ashes                  0.129    0.119    ×0.92   0.001    0.410    0.000    0.067    4.1      18,241.76    99,207,060  
46   Call of Duty: Modern Warfare   0.136    0.118    ×0.87   0.052    0.408    0.000    0.067    4.5      1,200,000    92,660,441  
47   Paranormal Activity            0.126    0.115    ×0.91   0.000    0.526    0.000    0.000    4.0      1,773.78     64,079,599  
48   Titanfall Mech                 0.105    0.113    ×1.08   0.000    0.312    0.000    0.067    2.8      1,111,022.81 76,890,040  
49   Sims 4                         0.136    0.113    ×0.83   0.061    0.402    0.000    0.067    3.8      1,200,000    9,973,115   
50   Fall Guys Ultimate             0.079    0.112    ×1.43   0.000    0.328    0.000    0.000    4.7      200,489.3    5,114,784   
51   Clash Royale                   0.094    0.112    ×1.19   0.000    0.267    0.000    0.067    3.0      1,617,358.1  72,595,970  
52   Vindictus                      0.140    0.112    ×0.80   0.103    0.520    0.000    0.000    3.6      300,000      60,289,579  
53   iRacing                        0.122    0.111    ×0.91   0.055    0.475    0.000    0.000    4.6      1,600,000    17,202,925  
54   Dead Cells Pro                 0.085    0.110    ×1.31   0.000    0.227    0.000    0.067    4.3      1,779,811.3  77,890,446  
55   Risk of Rain                   0.094    0.110    ×1.17   0.000    0.394    0.000    0.000    4.6      1,811,868.69 67,526,601  
56   TD Battles                     0.109    0.110    ×1.02   0.000    0.328    0.000    0.067    4.9      282,863.02   34,491,323  
57   Battle Bay                     0.090    0.110    ×1.22   0.000    0.376    0.000    0.000    4.3      352,590.68   38,762,937  
58   Europa Universalis IV          0.162    0.110    ×0.68   0.094    0.614    0.000    0.000    4.4      0            91,512,754  
59   Archeage                       0.093    0.108    ×1.17   0.000    0.386    0.000    0.000    4.5      1,132,761.86 80,171,185  
60   Defense Zone                   0.087    0.108    ×1.24   0.000    0.237    0.000    0.067    4.6      1,354,720.61 7,094,676   
61   Medieval Conquest              0.097    0.108    ×1.11   0.000    0.279    0.000    0.067    2.7      669,772.63   66,626,528  
62   Castle Defense Pro             0.092    0.107    ×1.17   0.000    0.382    0.000    0.000    4.6      438,020.02   83,482,007  
63   Basketball Pro                 0.123    0.107    ×0.87   0.000    0.389    0.000    0.067    4.8      919,379.18   55,135,262  
64   Ninja Assault                  0.123    0.107    ×0.87   0.000    0.388    0.000    0.067    4.6      25,982.01    58,087,651  
65   Clash of Clans                 0.139    0.107    ×0.77   0.000    0.454    0.000    0.067    4.7      420,077.11   82,988,211  
66   Lost Ark                       0.108    0.105    ×0.97   0.000    0.324    0.000    0.067    3.0      439,269.25   34,132,484  
67   Mad Max Fury                   0.103    0.104    ×1.02   0.000    0.302    0.000    0.067    4.8      148,529.5    21,646,575  
68   Lost Ark                       0.123    0.104    ×0.85   0.250    0.356    0.000    0.000    4.0      1,600,000    96,982,395  
69   Fortnite Ultimate              0.102    0.103    ×1.02   0.000    0.423    0.000    0.000    5.0      135,429.52   54,882,603  
70   Cuphead Casino                 0.072    0.103    ×1.43   0.000    0.300    0.000    0.000    4.8      468,305.55   95,516,066  
71   Breakout                       0.111    0.103    ×0.92   0.000    0.337    0.000    0.067    4.7      23,652.19    71,033,236  
72   Rust Survival                  0.096    0.102    ×1.06   0.000    0.402    0.000    0.000    4.8      163,198.28   78,010,764  
73   League of Legends              0.112    0.102    ×0.91   0.000    0.468    0.000    0.000    4.1      0            71,564,220  
74   Aion Legends                   0.083    0.102    ×1.22   0.000    0.347    0.000    0.000    5.0      111,415.33   32,779,460  
75   NBA 2K24                       0.150    0.101    ×0.68   0.210    0.494    0.000    0.000    4.1      800,000      36,957,011  
76   Enter Gungeon                  0.093    0.101    ×1.09   0.000    0.262    0.000    0.067    3.2      494,545.54   27,156,854  
77   Cities: Skylines               0.115    0.100    ×0.87   0.014    0.472    0.000    0.000    4.0      1,800,000    46,439,620  
78   Jungle Expedition              0.073    0.100    ×1.38   0.000    0.302    0.000    0.000    3.6      1,154,055.21 63,955,415  
79   Naruto Fighter                 0.120    0.100    ×0.83   0.000    0.374    0.000    0.067    4.7      1,119,816.4  95,381,232  
80   Rubber Bandits                 0.076    0.099    ×1.31   0.000    0.315    0.000    0.000    4.0      212,531.05   5,244,515   
81   Tactics Ogre                   0.097    0.099    ×1.02   0.000    0.279    0.000    0.067    4.3      824,481.45   5,357,841   
82   Super Mario Legends            0.103    0.098    ×0.96   0.000    0.428    0.000    0.000    3.8      415,672      33,291,627  
83   MOBA Master                    0.062    0.098    ×1.57   0.000    0.260    0.000    0.000    2.7      902,550.63   27,556,677  
84   Train Manager                  0.111    0.098    ×0.89   0.000    0.335    0.000    0.067    4.1      294,552.75   4,046,254   
85   Among Us Space                 0.100    0.098    ×0.97   0.000    0.418    0.000    0.000    4.8      502,979.21   9,958,493   
86   SWAT Commander                 0.084    0.098    ×1.17   0.000    0.348    0.000    0.000    4.7      1,065,636.84 91,047,115  
87   Rally Champion                 0.115    0.096    ×0.83   0.000    0.481    0.000    0.000    4.2      29,414.1     64,923,208  
88   New World                      0.162    0.095    ×0.59   0.210    0.543    0.000    0.000    4.2      500,000      42,984,306  
89   Assassin's Creed World         0.084    0.094    ×1.12   0.000    0.224    0.000    0.067    4.7      1,959,235.95 62,981,964  
90   Kingdom Commander              0.068    0.093    ×1.38   0.000    0.282    0.000    0.000    3.3      924,636.81   18,752,397  
91   Halo Infinite                  0.101    0.093    ×0.91   0.000    0.422    0.000    0.000    3.6      61,207.96    95,606,213  
92   Special Forces                 0.100    0.093    ×0.92   0.000    0.292    0.000    0.067    4.1      1,873,962.78 82,714,161  
93   Victoria 3                     0.136    0.092    ×0.68   0.091    0.509    0.000    0.000    4.5      500,000      6,190,730   
94   Fast Lane                      0.067    0.091    ×1.37   0.000    0.278    0.000    0.000    2.9      1,305,831.04 25,270,207  
95   Castlevania                    0.089    0.091    ×1.02   0.002    0.370    0.000    0.000    4.4      647,534.33   83,152,003  
96   Strategy Elite                 0.077    0.090    ×1.18   0.000    0.320    0.000    0.000    3.9      919,186.63   95,692,600  
97   PUBG Mobile Pro                0.081    0.090    ×1.11   0.000    0.337    0.000    0.000    4.5      1,818,184.46 45,255,419  
98   Slay the Spire Pro             0.093    0.089    ×0.96   0.000    0.388    0.000    0.000    3.5      432,852.89   16,750,397  
99   Nightmare Realm                0.105    0.088    ×0.84   0.000    0.313    0.000    0.067    4.0      1,834,835.97 61,966,587  
100  Ship Captain                   0.091    0.088    ×0.97   0.000    0.256    0.000    0.067    3.1      116,242.57   83,691,548  
101  Zoo Tycoon                     0.088    0.088    ×1.00   0.000    0.367    0.000    0.000    3.8      351,831.1    16,574,966  
102  Shadow Strike                  0.060    0.088    ×1.45   0.000    0.251    0.000    0.000    4.8      1,978,813    47,597,961  
103  Heroes Evolved                 0.086    0.087    ×1.02   0.000    0.358    0.000    0.000    3.7      801,420.82   82,079,060  
104  Street Fighter X               0.080    0.087    ×1.09   0.000    0.207    0.000    0.067    2.6      1,058,298.16 52,461,567  
105  Rayman Origins                 0.102    0.086    ×0.85   0.000    0.300    0.000    0.067    4.2      96,000.32    83,179,185  
106  Off-Road Extreme               0.085    0.086    ×1.02   0.000    0.353    0.000    0.000    5.0      1,468,823.92 59,328,014  
107  Warframe                       0.121    0.086    ×0.71   0.042    0.476    0.000    0.000    4.1      100,000      51,086,239  
108  Lovers in Space                0.084    0.085    ×1.02   0.000    0.225    0.000    0.067    2.7      504,235.87   24,781,333  
109  Solitaire King                 0.113    0.085    ×0.76   0.000    0.344    0.000    0.067    4.9      253,466.67   40,939,163  
110  Frostpunk                      0.097    0.085    ×0.87   0.000    0.279    0.000    0.067    4.9      465,726.56   27,707,564  
111  Plants vs Zombies Defense      0.073    0.085    ×1.17   0.000    0.302    0.000    0.000    4.6      547,650.41   36,749,215  
112  World of Warcraft Eternal      0.071    0.085    ×1.19   0.000    0.172    0.000    0.067    3.6      697,439.48   90,631,331  
113  Aragami Shadow                 0.062    0.085    ×1.37   0.000    0.133    0.000    0.067    3.9      1,723,693.83 20,156,350  
114  Geometry Dash                  0.130    0.084    ×0.65   0.000    0.418    0.000    0.067    4.5      42,364.38    73,842,943  
115  Free Fire Max                  0.066    0.084    ×1.28   0.000    0.273    0.000    0.000    3.4      355,103.32   78,701,808  
116  Stranded Deep                  0.079    0.084    ×1.06   0.000    0.329    0.000    0.000    2.9      944,486.08   70,120,084  
117  Gang Beasts                    0.067    0.084    ×1.25   0.000    0.279    0.000    0.000    4.8      910,498.2    94,428,351  
118  Cake Bash                      0.109    0.083    ×0.76   0.000    0.456    0.000    0.000    4.4      659,715.44   41,287,643  
119  Tower Conquest                 0.061    0.083    ×1.37   0.000    0.253    0.000    0.000    4.1      1,287,479.32 43,821,408  
120  Cytus II                       0.077    0.083    ×1.07   0.000    0.322    0.000    0.000    3.8      1,147,381.83 58,835,807  
121  Pillars of Eternity            0.081    0.083    ×1.02   0.000    0.339    0.000    0.000    3.6      1,167,415.19 98,192,016  
122  Hero Arena                     0.067    0.082    ×1.22   0.000    0.281    0.000    0.000    4.0      40,754.18    140,382     
123  World Domination               0.057    0.082    ×1.44   0.000    0.238    0.000    0.000    4.5      715,856.36   33,301,058  
124  Human Fall Flat                0.067    0.082    ×1.22   0.000    0.280    0.000    0.000    4.1      348,990.72   72,657,675  
125  Mystery Island                 0.088    0.082    ×0.92   0.000    0.243    0.000    0.067    4.9      1,873,213.21 72,314,107  
126  Apex Legends Elite             0.085    0.082    ×0.96   0.000    0.355    0.000    0.000    4.6      69,060.38    84,110,657  
127  Modern Warfare Elite           0.115    0.082    ×0.71   0.000    0.478    0.000    0.000    4.3      22,024.31    55,688,356  
128  FIFA 24                        0.123    0.082    ×0.67   0.190    0.392    0.000    0.000    4.3      1,800,000    71,645,622  
129  Tennis Masters                 0.138    0.081    ×0.59   0.000    0.449    0.000    0.067    4.8      300,117.08   24,785,018  
130  Football Manager               0.054    0.081    ×1.49   0.000    0.226    0.000    0.000    4.5      1,433,704.8  3,300,925   
131  Puzzle Paradise                0.066    0.081    ×1.22   0.000    0.276    0.000    0.000    3.7      1,682,452.77 6,726,305   
132  Forza Horizon                  0.083    0.081    ×0.97   0.000    0.346    0.000    0.000    4.4      1,290,833.46 49,681,544  
133  Boomerang Fu                   0.121    0.081    ×0.67   0.000    0.506    0.000    0.000    4.8      7,895.22     60,435,655  
134  Street Racing                  0.097    0.081    ×0.83   0.000    0.279    0.000    0.067    3.0      890,466.23   21,470,709  
135  Battle Zone                    0.103    0.080    ×0.78   0.000    0.431    0.000    0.000    4.6      81,148.18    53,336,161  
136  Terror Night                   0.088    0.080    ×0.91   0.000    0.365    0.000    0.000    3.8      1,095,179.5  21,711,301  
137  Turbo Boost                    0.083    0.080    ×0.97   0.000    0.219    0.000    0.067    4.7      959,176.4    25,848,026  
138  Crystal Warriors               0.094    0.080    ×0.85   0.000    0.267    0.000    0.067    2.6      1,734,486.08 77,471,507  
139  Fear Factory                   0.079    0.080    ×1.01   0.000    0.204    0.000    0.067    3.1      1,936,246.22 40,383,015  
140  Kingdom Wars                   0.060    0.079    ×1.32   0.000    0.125    0.000    0.067    3.2      474,870.18   47,047,926  
141  Diablo IV                      0.093    0.079    ×0.84   0.095    0.330    0.000    0.000    3.8      500,000      84,229,735  
142  Total War: Warhammer III       0.128    0.078    ×0.61   0.070    0.490    0.000    0.000    3.9      100,000      92,674,595  
143  Hotel Empire                   0.093    0.078    ×0.83   0.000    0.263    0.000    0.067    4.5      221,192.55   85,528,498  
144  Just Dance                     0.099    0.077    ×0.78   0.000    0.289    0.000    0.067    4.3      1,177,567.46 3,060,647   
145  Half-Life Legends              0.069    0.077    ×1.12   0.000    0.288    0.000    0.000    4.3      1,317,572.2  43,869,468  
146  Realm of Dragons               0.063    0.077    ×1.22   0.000    0.262    0.000    0.000    3.2      1,623,896.75 36,408,256  
147  IQ Challenge                   0.076    0.077    ×1.02   0.000    0.315    0.000    0.000    4.5      1,476,756.53 72,888,546  
148  Marvel vs Capcom               0.075    0.077    ×1.02   0.000    0.314    0.000    0.000    3.4      89,723.24    13,416,496  
149  Temple Run Legends             0.068    0.077    ×1.12   0.000    0.285    0.000    0.000    2.9      1,250,058.04 70,481,064  
150  Combat Mission                 0.079    0.076    ×0.97   0.000    0.327    0.000    0.000    3.7      1,411,810.1  1,431,523   
151  Perfect World                  0.088    0.076    ×0.87   0.000    0.366    0.000    0.000    4.5      203,583.39   1,953,178   
152  Flight Simulator               0.087    0.076    ×0.88   0.000    0.362    0.000    0.000    4.9      270,063.23   10,631,841  
153  Language Learning              0.095    0.076    ×0.80   0.000    0.398    0.000    0.000    4.5      1,883,881.44 93,680,876  
154  Tools Up                       0.110    0.076    ×0.69   0.000    0.331    0.000    0.067    4.6      252,628.22   19,828,126  
155  Gears Tactics                  0.101    0.075    ×0.75   0.000    0.296    0.000    0.067    4.0      361,953.82   95,089,946  
156  Amnesia                        0.070    0.075    ×1.07   0.000    0.166    0.000    0.067    3.0      441,090.63   73,151,166  
157  Jetpack Joyride                0.114    0.073    ×0.65   0.000    0.348    0.000    0.067    2.8      349,865.82   16,086,218  
158  Victory Royale                 0.069    0.073    ×1.06   0.000    0.288    0.000    0.000    2.7      227,396.35   81,521,031  
159  Rust Ultimate                  0.080    0.073    ×0.91   0.000    0.333    0.000    0.000    4.4      925,328.87   32,228,571  
160  FIFA 23                        0.147    0.073    ×0.49   0.149    0.519    0.000    0.000    3.9      1,800,000    95,143,516  
161  Gwent Masters                  0.095    0.072    ×0.76   0.000    0.271    0.000    0.067    4.7      416,330.79   81,393,504  
162  Deep Sea Discovery             0.059    0.072    ×1.23   0.001    0.244    0.000    0.000    3.8      78,617.99    22,589,069  
163  Madden NFL 24                  0.190    0.072    ×0.38   0.123    0.717    0.000    0.000    4.5      0            28,871,611  
164  Hidden Secrets                 0.115    0.072    ×0.62   0.000    0.356    0.000    0.067    3.7      462,554.3    26,426,425  
165  Drift King                     0.059    0.072    ×1.22   0.000    0.244    0.000    0.000    2.9      621,441.66   7,105,899   
166  Watch Dogs Legion              0.055    0.071    ×1.31   0.000    0.227    0.000    0.000    2.6      762,206.21   18,900,508  
167  Kirby's Dream                  0.077    0.071    ×0.92   0.000    0.319    0.000    0.000    4.6      1,414,449.8  30,883,855  
168  Racing Thunder                 0.058    0.071    ×1.22   0.000    0.242    0.000    0.000    3.3      1,235,302.48 38,248,638  
169  Card Warriors                  0.063    0.071    ×1.12   0.000    0.263    0.000    0.000    2.8      384,924.59   53,404,542  
170  Dead Island                    0.076    0.071    ×0.93   0.000    0.315    0.000    0.000    3.8      267,456.76   38,219,943  
171  Payday Heist                   0.091    0.070    ×0.78   0.000    0.378    0.000    0.000    4.5      471,281.6    58,249,970  
172  Pathfinder                     0.080    0.070    ×0.88   0.000    0.334    0.000    0.000    3.4      1,440,164.36 50,059,854  
173  Warfare Evolution              0.085    0.069    ×0.82   0.000    0.353    0.000    0.000    3.9      621,068.78   88,999,737  
174  Far Cry Paradise               0.072    0.069    ×0.96   0.000    0.301    0.000    0.000    4.0      1,524,358.75 91,903,382  
175  Rainbow Six                    0.064    0.069    ×1.08   0.000    0.266    0.000    0.000    4.2      296,425.74   36,364,286  
176  Soccer Stars                   0.061    0.069    ×1.12   0.000    0.256    0.000    0.000    4.4      1,990,334.39 98,618,950  
177  Biology Explorer               0.046    0.069    ×1.50   0.000    0.190    0.000    0.000    3.5      318,659.46   1,388,892   
178  Mystic Legends                 0.070    0.068    ×0.97   0.000    0.292    0.000    0.000    4.5      1,918,663.78 5,849,649   
179  Destiny 2                      0.101    0.068    ×0.68   0.000    0.419    0.000    0.000    3.7      1,600,000    77,471,488  
180  Garry's Mod Pro                0.052    0.068    ×1.31   0.000    0.092    0.000    0.067    2.9      650,007.56   61,070,013  
181  Into the Breach                0.061    0.068    ×1.12   0.000    0.252    0.000    0.000    4.5      97,083.57    19,489,907  
182  DJ Max                         0.073    0.067    ×0.91   0.000    0.304    0.000    0.000    3.9      917,571.94   26,551,581  
183  Elite Dangerous                0.062    0.066    ×1.07   0.000    0.257    0.000    0.000    4.6      485,885.38   98,262,577  
184  Pattern Finder                 0.062    0.065    ×1.06   0.000    0.131    0.000    0.067    3.3      1,794,304.2  63,384,727  
185  Ghost Master                   0.058    0.065    ×1.12   0.000    0.242    0.000    0.000    4.3      64,103.63    57,335,773  
186  Deemo                          0.056    0.065    ×1.17   0.000    0.231    0.000    0.000    4.9      1,892,397.62 74,907,916  
187  Subway Surfers                 0.061    0.065    ×1.07   0.000    0.252    0.000    0.000    3.8      1,942,266.5  5,754,770   
188  Lost Kingdom                   0.078    0.065    ×0.83   0.000    0.199    0.000    0.067    3.2      379,396.87   2,537,611   
189  Moving Out                     0.053    0.065    ×1.22   0.000    0.221    0.000    0.000    4.2      950,497.83   7,459,063   
190  Green Hell                     0.065    0.065    ×1.00   0.000    0.269    0.000    0.000    4.0      333,390.22   52,902,451  
191  Call of Duty Mobile            0.077    0.064    ×0.83   0.000    0.197    0.000    0.067    3.5      1,617,108.4  42,726,867  
192  Farm Simulator                 0.057    0.064    ×1.12   0.000    0.238    0.000    0.000    3.2      631,081.36   39,823,205  
193  Blade of Destiny               0.057    0.064    ×1.11   0.000    0.114    0.000    0.067    4.4      1,449,066.56 66,244,266  
194  New World                      0.069    0.064    ×0.92   0.000    0.289    0.000    0.000    3.9      1,091,554.24 50,977,041  
195  Block Puzzle                   0.072    0.063    ×0.88   0.000    0.301    0.000    0.000    4.1      1,401,707.11 33,803,985  
196  Sniper Ghost                   0.068    0.063    ×0.93   0.000    0.282    0.000    0.000    4.2      1,687,077.98 51,723,816  
197  Chaos Warriors                 0.053    0.063    ×1.19   0.000    0.095    0.000    0.067    4.3      1,341,046.9  79,491,922  
198  Chronicles of Fate             0.113    0.063    ×0.55   0.000    0.347    0.000    0.067    4.3      260,649.96   16,935,626  
199  Star Citizen                   0.083    0.063    ×0.76   0.000    0.220    0.000    0.067    3.2      1,500,357.82 27,137,544  
200  Crash Bandicoot                0.062    0.063    ×1.02   0.000    0.257    0.000    0.000    2.7      1,207,657.83 74,818,326  
201  Wargroove                      0.051    0.063    ×1.22   0.000    0.214    0.000    0.000    3.2      392,264.25   97,919,300  
202  Taiko Master                   0.044    0.062    ×1.43   0.000    0.057    0.000    0.067    2.6      991,148.04   24,181,733  
203  Cities Skylines                0.053    0.062    ×1.17   0.000    0.222    0.000    0.000    3.3      1,854,751.54 39,969,383  
204  The Binding                    0.061    0.062    ×1.02   0.000    0.254    0.000    0.000    3.1      910,046.13   38,013,260  
205  Warframe Prime                 0.067    0.062    ×0.92   0.000    0.279    0.000    0.000    4.3      41,847.39    68,920,134  
206  Wizard of Legend               0.048    0.062    ×1.28   0.000    0.202    0.000    0.000    3.9      211,906.36   82,656,407  
207  Mobile Legends                 0.061    0.062    ×1.02   0.000    0.253    0.000    0.000    3.5      1,519,664.68 56,801,175  
208  Baseball Heroes                0.039    0.062    ×1.57   0.000    0.164    0.000    0.000    3.7      1,096,926.21 4,759,741   
209  Undertale Legends              0.057    0.061    ×1.07   0.000    0.114    0.000    0.067    4.0      547,014.86   32,436,169  
210  Soul Calibur                   0.086    0.061    ×0.71   0.000    0.360    0.000    0.000    3.7      424,596.72   47,791,365  
211  Silent Hill Legends            0.095    0.061    ×0.64   0.000    0.398    0.000    0.000    4.3      489,593.26   55,196,308  
212  Geography Challenge            0.069    0.061    ×0.89   0.000    0.286    0.000    0.000    3.5      1,583,921.35 62,166,307  
213  Fighter's Pride                0.078    0.061    ×0.78   0.000    0.326    0.000    0.000    4.2      195,057.13   76,946,205  
214  Orcs Must Die                  0.097    0.060    ×0.62   0.000    0.404    0.000    0.000    4.6      1,780,695.78 50,821,431  
215  Thief Master                   0.043    0.060    ×1.38   0.000    0.181    0.000    0.000    3.5      1,758,571    14,627,612  
216  Jigsaw Master                  0.086    0.060    ×0.69   0.000    0.235    0.000    0.067    4.0      482,896.57   12,804,685  
217  NHL 24                         0.121    0.060    ×0.49   0.136    0.419    0.000    0.000    4.0      800,000      65,207,339  
218  Strategic Cards                0.054    0.060    ×1.11   0.000    0.099    0.000    0.067    2.8      1,547,625.64 32,261,906  
219  Mystery Manor                  0.062    0.060    ×0.96   0.000    0.260    0.000    0.000    4.7      1,192,816.05 22,949,839  
220  Mafia Empire                   0.092    0.060    ×0.65   0.000    0.384    0.000    0.000    4.1      949,632.45   26,197,454  
221  Slay the Spire                 0.077    0.060    ×0.78   0.000    0.319    0.000    0.000    3.5      813,083.6    47,053,156  
222  Math Master Pro                0.049    0.059    ×1.22   0.000    0.202    0.000    0.000    2.7      1,269,708.67 29,564,641  
223  Bomberman                      0.048    0.059    ×1.23   0.000    0.201    0.000    0.000    4.5      1,310,548.1  3,558,683   
224  Dota Champions                 0.062    0.059    ×0.96   0.000    0.257    0.000    0.000    4.2      1,139,819.03 63,077,259  
225  Combat Masters                 0.067    0.059    ×0.89   0.000    0.277    0.000    0.000    3.7      368,915.55   9,217,791   
226  Blade & Soul                   0.064    0.059    ×0.92   0.000    0.267    0.000    0.000    4.3      1,261,486.23 77,306,440  
227  Tower Defense Pro              0.059    0.059    ×1.00   0.000    0.245    0.000    0.000    2.8      1,247,993.02 7,114,508   
228  Don't Starve                   0.055    0.059    ×1.06   0.000    0.230    0.000    0.000    3.0      1,104,119.13 18,289,403  
229  Sky Voyager                    0.067    0.058    ×0.88   0.000    0.278    0.000    0.000    4.8      786,838.74   57,999,708  
230  Dark Descent                   0.055    0.058    ×1.06   0.000    0.229    0.000    0.000    4.7      1,157,276.69 89,778,632  
231  Overcooked Kitchen             0.105    0.058    ×0.55   0.000    0.312    0.000    0.067    4.5      1,477,091.11 40,504,258  
232  Space Invaders                 0.077    0.058    ×0.76   0.000    0.194    0.000    0.067    3.5      1,430,375.63 18,239,992  
233  Battlefield Royale             0.074    0.058    ×0.78   0.000    0.185    0.000    0.067    3.1      1,461,918.95 31,565,476  
234  Resident Evil Chronicles       0.054    0.058    ×1.06   0.000    0.227    0.000    0.000    3.1      1,171,521.82 37,912,812  
235  NFL Revolution                 0.076    0.058    ×0.76   0.000    0.316    0.000    0.000    4.2      722,492.7    88,344,320  
236  Tactical Ops                   0.063    0.058    ×0.91   0.000    0.262    0.000    0.000    4.4      386,169.88   64,115,816  
237  Titan Clash                    0.058    0.057    ×1.00   0.000    0.240    0.000    0.000    4.9      1,891,837.29 93,925,940  
238  Dragon Age Legends             0.060    0.057    ×0.96   0.000    0.249    0.000    0.000    4.8      1,120,135.84 26,787,936  
239  Battle Brothers                0.047    0.057    ×1.22   0.000    0.195    0.000    0.000    4.5      1,191,319.28 95,517,459  
240  Torment Tides                  0.072    0.057    ×0.80   0.000    0.174    0.000    0.067    3.1      267,468.14   79,946,212  
241  War Commander                  0.062    0.057    ×0.92   0.000    0.259    0.000    0.000    4.0      1,954,559.9  46,157,862  
242  Skyrim Ultimate                0.046    0.057    ×1.22   0.000    0.193    0.000    0.000    2.9      1,240,410.81 93,250,268  
243  League of Legends Pro          0.046    0.057    ×1.22   0.001    0.192    0.000    0.000    4.6      1,283,548.11 95,208,044  
244  Black Desert                   0.048    0.056    ×1.17   0.000    0.201    0.000    0.000    3.7      373,441.27   5,103,840   
245  Combat Royale                  0.060    0.056    ×0.93   0.000    0.251    0.000    0.000    3.3      19,783.79    66,725,661  
246  Empire Builder                 0.044    0.056    ×1.28   0.000    0.182    0.000    0.000    2.9      1,081,735.92 22,723,221  
247  Planescape Torment             0.058    0.056    ×0.96   0.000    0.243    0.000    0.000    4.1      489,569.64   221,276     
248  Adventure Time                 0.058    0.056    ×0.96   0.000    0.242    0.000    0.000    4.2      266,449.13   31,760,821  
249  Outriders                      0.078    0.055    ×0.71   0.000    0.324    0.000    0.000    3.8      1,702,083.16 56,247,084  
250  Smite Legends                  0.066    0.055    ×0.83   0.000    0.151    0.000    0.067    5.0      1,712,437.28 30,025,748  
251  Battle Ground                  0.047    0.055    ×1.17   0.000    0.195    0.000    0.000    4.8      1,891,013.81 83,323,342  
252  King of Fighters               0.059    0.055    ×0.92   0.000    0.247    0.000    0.000    3.9      859,664.91   83,239,602  
253  Typing Master                  0.094    0.055    ×0.58   0.002    0.390    0.000    0.000    4.0      358,324.7    99,682,376  
254  Killing Floor                  0.090    0.055    ×0.61   0.000    0.374    0.000    0.000    4.4      645,216.05   20,860,932  
255  Subnautica Deep                0.043    0.055    ×1.29   0.000    0.177    0.000    0.000    3.1      1,219,494.24 61,390,924  
256  Asteroids                      0.040    0.055    ×1.37   0.000    0.166    0.000    0.000    4.0      601,120.37   18,308,484  
257  State of Decay                 0.069    0.054    ×0.78   0.000    0.288    0.000    0.000    2.9      105,992.69   92,986,922  
258  Samurai Legacy                 0.051    0.054    ×1.06   0.000    0.212    0.000    0.000    3.2      1,823,491.99 37,523,893  
259  Terraria Ultimate              0.079    0.054    ×0.68   0.000    0.330    0.000    0.000    5.0      1,927,549.46 81,922,602  
260  Divinity Original              0.048    0.054    ×1.11   0.000    0.076    0.000    0.067    4.0      1,520,204.98 25,742,735  
261  Sleeping Dogs                  0.059    0.054    ×0.91   0.000    0.244    0.000    0.000    3.2      266,495.89   28,348,221  
262  Doodle Jump                    0.051    0.054    ×1.04   0.004    0.211    0.000    0.000    3.6      1,025,102.89 206,053     
263  Grimoire                       0.059    0.054    ×0.91   0.000    0.244    0.000    0.000    3.3      1,643,013.72 58,358,791  
264  Banner Saga                    0.066    0.053    ×0.81   0.000    0.274    0.000    0.000    4.1      538,222.75   67,146,824  
265  Cut the Rope                   0.057    0.053    ×0.92   0.000    0.238    0.000    0.000    4.4      1,509,020.71 53,805,933  
266  Legend Wars                    0.074    0.053    ×0.71   0.000    0.308    0.000    0.000    4.8      1,083,495.46 57,226,751  
267  Witcher Saga                   0.078    0.052    ×0.68   0.000    0.198    0.000    0.067    4.9      1,347,782.49 91,831,724  
268  Thunder Force                  0.057    0.052    ×0.91   0.000    0.238    0.000    0.000    3.3      907,194.06   5,213,886   
269  The Long Dark                  0.094    0.052    ×0.55   0.000    0.268    0.000    0.067    3.8      1,682,923.32 33,454,293  
270  Urban Combat                   0.062    0.052    ×0.85   0.000    0.132    0.000    0.067    3.8      1,019,545.46 99,151,644  
271  Infinitode                     0.057    0.052    ×0.91   0.000    0.237    0.000    0.000    3.6      1,179,336.25 8,124,399   
272  Vainglory                      0.049    0.052    ×1.06   0.000    0.202    0.000    0.000    3.2      1,687,523.4  28,452,109  
273  Battle Strategy                0.048    0.051    ×1.08   0.000    0.073    0.000    0.067    3.1      1,325,078.89 6,464,762   
274  Baldur's Gate III              0.067    0.051    ×0.76   0.000    0.280    0.000    0.000    4.5      1,163,797.3  35,128,900  
275  Saints Row                     0.068    0.051    ×0.76   0.000    0.282    0.000    0.000    4.3      1,756,591.96 22,619,987  
276  NBA Elite                      0.062    0.051    ×0.83   0.000    0.256    0.000    0.000    2.9      651,866.03   55,635,714  
277  Dragon Quest Chronicles        0.058    0.051    ×0.87   0.000    0.119    0.000    0.067    4.0      855,026.23   41,333,667  
278  Gem TD                         0.050    0.051    ×1.02   0.000    0.206    0.000    0.000    2.7      867,932.62   64,437,360  
279  Destiny Chronicles             0.043    0.051    ×1.17   0.000    0.180    0.000    0.000    2.7      1,802,022.95 33,452,504  
280  Centipede                      0.116    0.050    ×0.43   0.000    0.484    0.000    0.000    4.8      92,118.58    65,506,547  
281  Shovel Knight                  0.091    0.050    ×0.55   0.000    0.254    0.000    0.067    2.6      1,954,837.07 15,659,527  
282  Empire Clash                   0.051    0.050    ×0.97   0.000    0.213    0.000    0.000    4.7      126,190.24   52,145,391  
283  Tyranny                        0.049    0.049    ×1.02   0.000    0.203    0.000    0.000    2.6      503,795.47   36,705,889  
284  Elder Scrolls Online           0.076    0.049    ×0.65   0.002    0.316    0.000    0.000    3.3      1,428,853.7  38,234,099  
285  Hearthstone Legends            0.076    0.049    ×0.65   0.000    0.191    0.000    0.067    3.1      859,277.41   738,877     
286  Guilty Gear                    0.042    0.049    ×1.17   0.000    0.175    0.000    0.000    3.3      342,356.95   67,149,948  
287  Chemistry Lab                  0.080    0.049    ×0.61   0.000    0.335    0.000    0.000    4.2      783,246.32   11,820,384  
288  Warzone Heroes                 0.042    0.049    ×1.17   0.000    0.174    0.000    0.000    3.0      1,786,944.07 68,401,348  
289  Brain Teaser                   0.059    0.049    ×0.83   0.000    0.244    0.000    0.000    3.5      1,896,818.88 71,741,591  
290  Economics Tycoon               0.068    0.049    ×0.71   0.000    0.159    0.000    0.067    4.7      1,720,256.34 91,066,048  
291  Champion Clash                 0.056    0.048    ×0.87   0.000    0.107    0.000    0.067    2.7      1,427,382.5  16,395,583  
292  Defense Grid                   0.070    0.048    ×0.69   0.000    0.165    0.000    0.067    2.6      1,933,725.84 79,887,436  
293  Hollow Knight Saga             0.048    0.048    ×1.01   0.000    0.200    0.000    0.000    2.7      1,555,200.34 91,810,793  
294  Hitman Ultimate                0.056    0.047    ×0.84   0.000    0.235    0.000    0.000    4.2      395,186.45   41,331,982  
295  Underrail                      0.054    0.047    ×0.87   0.000    0.226    0.000    0.000    5.0      1,426,938.01 78,340,033  
296  The Forest Survival            0.079    0.047    ×0.59   0.000    0.331    0.000    0.000    4.8      732,583.33   50,861,461  
297  Yu-Gi-Oh Master                0.044    0.047    ×1.07   0.000    0.183    0.000    0.000    4.1      1,914,942.79 46,286,810  
298  Plants vs Zombies              0.038    0.047    ×1.23   0.000    0.158    0.000    0.000    3.8      615,164.19   24,754,417  
299  Ghost Recon                    0.048    0.047    ×0.97   0.000    0.075    0.000    0.067    3.1      1,451,740.26 59,339,240  
300  Deus Ex                        0.048    0.047    ×0.98   0.000    0.198    0.000    0.000    4.0      1,751,563.24 3,456,998   
301  Formula Racing                 0.040    0.047    ×1.18   0.000    0.165    0.000    0.000    3.8      1,849,760.71 34,011,903  
302  Sniper Elite Pro               0.078    0.046    ×0.59   0.000    0.201    0.000    0.067    2.6      346,499.13   32,962,323  
303  This War of Mine               0.068    0.046    ×0.68   0.000    0.285    0.000    0.000    4.1      437,287.32   93,202,626  
304  Injustice League               0.053    0.046    ×0.87   0.000    0.221    0.000    0.000    4.3      533,347.96   23,861,599  
305  History Quest                  0.071    0.046    ×0.65   0.000    0.297    0.000    0.000    2.8      1,729,980.59 63,573,421  
306  Evil Within                    0.055    0.046    ×0.84   0.000    0.229    0.000    0.000    2.9      1,167,581.07 40,994,375  
307  Mass Effect Trilogy            0.043    0.046    ×1.06   0.000    0.180    0.000    0.000    4.0      287,005.25   40,789,294  
308  Bus Driver                     0.050    0.046    ×0.91   0.000    0.208    0.000    0.000    3.9      98,842.18    55,646,951  
309  Tetris                         0.052    0.046    ×0.88   0.026    0.201    0.000    0.000    4.6      100,000      44,783,712  
310  Beat Saber Pro                 0.046    0.046    ×1.00   0.000    0.190    0.000    0.000    4.6      554,393.42   78,863,077  
311  Voez                           0.055    0.045    ×0.82   0.000    0.230    0.000    0.000    4.5      1,186,921.91 17,137,027  
312  Galaga                         0.074    0.045    ×0.61   0.000    0.309    0.000    0.000    3.9      912,025.74   16,620,197  
313  Kingdom Rush Ultimate          0.049    0.045    ×0.92   0.000    0.203    0.000    0.000    3.9      1,410,244.19 16,592,244  
314  Cyberpunk Future               0.045    0.045    ×1.00   0.000    0.188    0.000    0.000    4.4      1,970,307.19 86,014,357  
315  Age of Conquest                0.040    0.045    ×1.12   0.000    0.167    0.000    0.000    4.6      1,758,695.19 10,335,185  
316  Pac-Man Championship           0.047    0.045    ×0.97   0.000    0.194    0.000    0.000    4.1      1,175,735.92 51,989,855  
317  Golf Champion                  0.069    0.045    ×0.65   0.000    0.289    0.000    0.000    3.8      1,136,759.68 67,952,503  
318  Eternal Quest                  0.095    0.045    ×0.47   0.000    0.394    0.000    0.000    4.4      280,065.59   24,601,665  
319  Mark of Ninja                  0.046    0.045    ×0.97   0.000    0.191    0.000    0.000    4.4      1,453,790.81 14,968,919  
320  Sniper Elite Stealth           0.065    0.044    ×0.68   0.000    0.270    0.000    0.000    2.6      1,028,903.39 95,386,090  
321  Roboquest                      0.066    0.044    ×0.67   0.000    0.277    0.000    0.000    3.3      1,791,039.21 44,161,542  
322  Dark Souls Revival             0.036    0.044    ×1.22   0.000    0.150    0.000    0.000    4.0      1,800,744.43 16,891,921  
323  Physics Simulator              0.080    0.044    ×0.55   0.000    0.207    0.000    0.067    2.5      1,261,520.54 40,289,122  
324  Truck Simulator                0.043    0.044    ×1.02   0.000    0.179    0.000    0.000    4.0      1,180,997.81 83,293,766  
325  Donkey Kong                    0.072    0.044    ×0.61   0.000    0.299    0.000    0.000    2.7      164,968.06   57,682,893  
326  Portal Master                  0.058    0.043    ×0.74   0.000    0.243    0.000    0.000    4.3      900,263.96   76,753,489  
327  Ancient Ruins                  0.055    0.043    ×0.78   0.000    0.231    0.000    0.000    5.0      1,638,444.57 61,511,374  
328  GTA Legends                    0.047    0.043    ×0.91   0.000    0.197    0.000    0.000    4.5      729,007.34   63,100,088  
329  Theme Park                     0.066    0.043    ×0.65   0.000    0.277    0.000    0.000    4.8      1,785,376.33 84,043,790  
330  Terraria World                 0.041    0.043    ×1.04   0.000    0.170    0.000    0.000    4.8      983,621.25   73,178,823  
331  Shopping Mall                  0.063    0.042    ×0.67   0.000    0.264    0.000    0.000    2.8      222,397.02   86,022,266  
332  Geometry Dash Rhythm           0.048    0.042    ×0.89   0.000    0.199    0.000    0.000    2.8      1,240,047.43 36,166,826  
333  Ark Evolved                    0.072    0.042    ×0.58   0.000    0.301    0.000    0.000    3.0      263,342.63   68,466,829  
334  Battlefield Heroes             0.089    0.042    ×0.48   0.000    0.369    0.000    0.000    4.4      342,412.96   1,421,141   
335  Keep Talking                   0.044    0.042    ×0.96   0.000    0.184    0.000    0.000    4.0      1,506,843.88 67,124,157  
336  Shadow Tactics                 0.062    0.042    ×0.68   0.000    0.259    0.000    0.000    3.8      1,730,724.45 93,091,788  
337  Survivor                       0.083    0.042    ×0.51   0.000    0.220    0.000    0.067    4.1      1,097,055.04 89,783,674  
338  My Hero Arena                  0.050    0.042    ×0.85   0.000    0.207    0.000    0.000    3.9      1,119,537.19 3,460,592   
339  TERA Online                    0.048    0.042    ×0.87   0.000    0.200    0.000    0.000    4.5      827,773.89   89,212,133  
340  Burnout Paradise               0.064    0.041    ×0.65   0.000    0.267    0.000    0.000    3.6      358,533.44   38,350,065  
341  Ori and Will                   0.086    0.041    ×0.48   0.000    0.360    0.000    0.000    4.8      910,367.65   44,208,410  
342  Dragon Ball Fighter            0.043    0.041    ×0.96   0.000    0.180    0.000    0.000    3.5      1,404,214.24 35,216,509  
343  Survival Island                0.071    0.041    ×0.58   0.000    0.294    0.000    0.000    3.3      671,207.72   21,074,147  
344  Neverwinter Nights             0.029    0.041    ×1.43   0.000    0.119    0.000    0.000    2.7      1,020,442.44 41,192,272  
345  Restaurant Manager             0.062    0.041    ×0.65   0.000    0.259    0.000    0.000    2.8      833,839.36   46,076,352  
346  Dr. Mario                      0.070    0.040    ×0.58   0.000    0.291    0.000    0.000    3.9      829,316.85   76,608,340  
347  UNO Ultimate                   0.051    0.040    ×0.79   0.000    0.212    0.000    0.000    4.1      826,693.01   33,428,559  
348  Last Man Standing              0.084    0.040    ×0.47   0.000    0.352    0.000    0.000    4.4      1,299,613.8  84,579,856  
349  No Man's Sky                   0.058    0.040    ×0.68   0.000    0.243    0.000    0.000    2.8      714,310.36   46,155,842  
350  Paragon                        0.068    0.040    ×0.58   0.000    0.160    0.000    0.067    2.7      825,883.36   98,082,845  
351  Frogger                        0.039    0.039    ×1.02   0.000    0.162    0.000    0.000    4.7      1,879,422.58 49,513,594  
352  Splinter Cell                  0.047    0.039    ×0.83   0.000    0.072    0.000    0.067    3.0      1,209,677.62 51,612,916  
353  Phoenix Point                  0.061    0.039    ×0.65   0.000    0.252    0.000    0.000    2.6      1,156,846.83 59,718,333  
354  Shadow Empire                  0.061    0.039    ×0.64   0.000    0.255    0.000    0.000    4.4      1,884,886.87 34,747,107  
355  Starbound Galaxy               0.031    0.039    ×1.28   0.000    0.127    0.000    0.000    2.6      582,897.38   10,616,179  
356  Street Fighter Ultimate        0.055    0.039    ×0.71   0.000    0.103    0.000    0.067    4.6      1,733,139.04 25,982,895  
357  Stealth Inc                    0.066    0.039    ×0.58   0.000    0.276    0.000    0.000    5.0      139,263.2    1,907,926   
358  Mortal Kombat Ultimate         0.038    0.038    ×1.02   0.000    0.158    0.000    0.000    3.5      1,346,103.21 18,345,526  
359  Oxygen Not Included            0.028    0.038    ×1.37   0.000    0.117    0.000    0.000    2.6      510,282.23   26,908,268  
360  Angry Birds Evolution          0.046    0.038    ×0.83   0.000    0.190    0.000    0.000    4.9      1,398,401.32 92,700,048  
361  Fallout Wasteland              0.061    0.038    ×0.62   0.000    0.127    0.000    0.067    4.6      1,758,325.95 78,764,095  
362  Raft Ocean                     0.065    0.038    ×0.58   0.000    0.269    0.000    0.000    4.1      67,307.22    91,304,284  
363  Missile Command                0.024    0.037    ×1.57   0.000    0.099    0.000    0.000    3.4      1,576,780.87 47,848,577  
364  Shape Shifter                  0.031    0.037    ×1.22   0.000    0.128    0.000    0.000    4.6      945,740.04   81,595,852  
365  7 Days to Die                  0.057    0.037    ×0.65   0.002    0.235    0.000    0.000    3.5      160,358.91   31,591,323  
366  Card Battle                    0.055    0.037    ×0.68   0.000    0.227    0.000    0.000    4.0      731,114.49   3,709,980   
367  Prey Station                   0.063    0.037    ×0.59   0.000    0.261    0.000    0.000    3.3      976,714.04   25,673,435  
368  Tile Master                    0.057    0.037    ×0.65   0.000    0.237    0.000    0.000    2.5      712,696.06   95,254,130  
369  Lost Civilizations             0.062    0.037    ×0.59   0.000    0.257    0.000    0.000    4.1      247,307.36   96,872,791  
370  Arena of Valor                 0.062    0.037    ×0.59   0.000    0.259    0.000    0.000    2.9      923,825.12   61,029,559  
371  Speed Racer                    0.038    0.037    ×0.97   0.000    0.031    0.000    0.067    2.8      964,318.39   88,038,355  
372  Battle Arena                   0.080    0.036    ×0.46   0.000    0.332    0.000    0.000    4.6      1,382,144.24 96,180,659  
373  Mythic Heroes                  0.040    0.036    ×0.91   0.000    0.166    0.000    0.000    3.5      1,909,255.44 81,051,531  
374  Brawl Stars                    0.061    0.036    ×0.59   0.000    0.255    0.000    0.000    3.6      1,225,558.65 61,435,499  
375  Final Fantasy Legends          0.075    0.036    ×0.49   0.000    0.311    0.000    0.000    4.5      1,257,961.85 79,977,481  
376  One Piece Warriors             0.033    0.036    ×1.08   0.000    0.139    0.000    0.000    3.2      158,194.46   55,678,674  
377  Defender                       0.062    0.036    ×0.58   0.000    0.258    0.000    0.000    4.9      1,021,951.77 77,252,571  
378  Ghost Stories                  0.059    0.036    ×0.61   0.000    0.244    0.000    0.000    3.7      644,756.32   65,904,070  
379  Icewind Dale                   0.035    0.035    ×1.00   0.000    0.147    0.000    0.000    3.2      1,101,218.67 96,112,164  
380  Haunted House                  0.047    0.035    ×0.75   0.000    0.195    0.000    0.000    4.3      1,090,065.25 30,615,002  
381  Minecraft                      0.060    0.035    ×0.58   0.000    0.250    0.000    0.000    4.8      300,000      67,726,259  
382  Strike Team                    0.033    0.035    ×1.06   0.000    0.137    0.000    0.000    4.0      1,373,756.46 69,737,565  
383  Dying Light                    0.040    0.035    ×0.88   0.000    0.165    0.000    0.000    2.8      1,721,704.9  92,856,461  
384  Disgaea                        0.059    0.035    ×0.59   0.000    0.245    0.000    0.000    3.2      1,044,430.3  60,940,512  
385  Dead Cells                     0.044    0.034    ×0.78   0.000    0.182    0.000    0.000    3.5      490,129.38   70,981,789  
386  Tower Wars                     0.034    0.034    ×1.02   0.000    0.140    0.000    0.000    4.0      1,057,233.78 15,661,421  
387  Castle Defense                 0.037    0.034    ×0.91   0.000    0.155    0.000    0.000    2.7      104,460.94   7,674,606   
388  Tales of Valor                 0.029    0.034    ×1.17   0.000    0.121    0.000    0.000    3.1      375,067.32   57,716,306  
389  Delta Force                    0.033    0.034    ×1.02   0.000    0.139    0.000    0.000    3.4      1,111,108.38 89,860,329  
390  Minecraft Legends              0.032    0.034    ×1.06   0.000    0.132    0.000    0.000    2.6      1,909,304.9  90,561,218  
391  Planet Coaster                 0.063    0.034    ×0.53   0.000    0.263    0.000    0.000    4.4      1,245,780.58 47,230,371  
392  Asphalt Legends                0.040    0.034    ×0.85   0.000    0.040    0.000    0.067    3.5      812,577.44   37,493,327  
393  Total War Saga                 0.051    0.034    ×0.65   0.000    0.214    0.000    0.000    4.4      561,520.69   20,797,210  
394  Ark Survival Pro               0.030    0.034    ×1.12   0.000    0.125    0.000    0.000    3.4      732,528.56   69,913,838  
395  Heroes of Storm                0.049    0.033    ×0.68   0.000    0.204    0.000    0.000    3.8      1,558,343.71 15,031,752  
396  Outlast Origins                0.039    0.033    ×0.83   0.000    0.164    0.000    0.000    4.7      1,643,018.08 33,124,109  
397  Age of Decadence               0.042    0.033    ×0.78   0.000    0.176    0.000    0.000    3.5      1,087,692.29 61,031,706  
398  The Forest                     0.061    0.033    ×0.53   0.000    0.256    0.000    0.000    3.2      1,635,336.22 78,405,940  
399  Pong Ultimate                  0.060    0.033    ×0.54   0.000    0.126    0.000    0.067    3.6      1,100,291.51 33,344,342  
400  Port Authority                 0.053    0.032    ×0.61   0.000    0.222    0.000    0.000    3.3      374,583.97   50,446,566  
401  Jackbox Party                  0.064    0.032    ×0.50   0.000    0.142    0.000    0.067    3.3      243,432.54   84,157,257  
402  Red Dead Chronicles            0.034    0.032    ×0.96   0.000    0.140    0.000    0.000    4.1      1,649,143.03 52,691,049  
403  Moto GP                        0.048    0.032    ×0.67   0.000    0.202    0.000    0.000    3.7      392,487.39   41,314,230  
404  Fire Emblem Heroes             0.052    0.031    ×0.61   0.000    0.215    0.000    0.000    3.6      726,134.18   42,507,537  
405  Synthetik                      0.040    0.031    ×0.78   0.000    0.166    0.000    0.000    3.4      457,200.77   50,573,540  
406  Candy Crush Ultimate           0.048    0.031    ×0.65   0.003    0.199    0.000    0.000    3.7      1,711,103    99,592,733  
407  Deep Rock Galactic             0.033    0.031    ×0.92   0.000    0.139    0.000    0.000    4.8      1,710,798.3  13,535,359  
408  Revelation Online              0.043    0.031    ×0.71   0.000    0.180    0.000    0.000    2.6      1,532,944.48 35,431,417  
409  Mountain Climber               0.041    0.030    ×0.75   0.000    0.170    0.000    0.000    4.8      1,103,465.8  39,702,113  
410  Mind Games                     0.052    0.030    ×0.58   0.000    0.217    0.000    0.000    4.6      1,556,777.73 20,517,094  
411  Guitar Hero Legends            0.051    0.030    ×0.59   0.000    0.086    0.000    0.067    2.6      1,449,806.76 15,361,616  
412  Coding Academy                 0.037    0.030    ×0.81   0.000    0.154    0.000    0.000    3.7      480,953.01   92,147,524  
413  Battlefield Commander          0.044    0.030    ×0.69   0.000    0.182    0.000    0.000    3.9      248,740.83   56,328,066  
414  Counter Strike Ultimate        0.049    0.030    ×0.61   0.000    0.204    0.000    0.000    2.7      904,793.86   66,569,978  
415  Zombie Apocalypse              0.048    0.030    ×0.62   0.000    0.201    0.000    0.000    4.7      390,669.81   35,773,403  
416  Risk of Rain 2                 0.031    0.030    ×0.96   0.000    0.130    0.000    0.000    3.8      187,846.97   55,184,871  
417  Party Animals                  0.028    0.030    ×1.06   0.000    0.117    0.000    0.000    4.6      1,556,453.87 36,138,150  
418  Road Rage                      0.040    0.030    ×0.74   0.000    0.166    0.000    0.000    4.0      963,525.68   55,108,968  
419  World War Z                    0.034    0.029    ×0.88   0.000    0.140    0.000    0.000    2.8      64,526.48    76,518,750  
420  Ancient Prophecy               0.028    0.029    ×1.02   0.000    0.118    0.000    0.000    3.9      1,091,633.93 18,351,617  
421  No Man's Sky Infinite          0.040    0.029    ×0.72   0.000    0.167    0.000    0.000    3.8      1,558,126.76 73,173,565  
422  Speed Demons                   0.073    0.028    ×0.39   0.000    0.302    0.000    0.000    4.4      207,673.17   2,586,220   
423  Mega Man X                     0.052    0.028    ×0.53   0.000    0.093    0.000    0.067    3.1      1,870,235.72 91,073,465  
424  Valkyria Chronicles            0.035    0.027    ×0.78   0.000    0.147    0.000    0.000    4.9      837,586.68   79,658,374  
425  Invisible Inc                  0.025    0.027    ×1.11   0.000    0.103    0.000    0.000    3.7      1,744,769.52 34,516,205  
426  Stardew Valley Plus            0.026    0.027    ×1.07   0.000    0.106    0.000    0.000    3.8      1,625,398.37 10,715,350  
427  Hades Underworld               0.051    0.027    ×0.53   0.000    0.087    0.000    0.067    4.0      1,458,630.11 86,289,581  
428  Gunfire Reborn                 0.020    0.027    ×1.31   0.000    0.085    0.000    0.000    3.1      1,783,477.77 16,280,072  
429  The Last One                   0.026    0.026    ×1.02   0.000    0.109    0.000    0.000    3.3      827,356.1    87,122,960  
430  Rush Royale                    0.028    0.026    ×0.96   0.000    0.115    0.000    0.000    3.3      982,340.16   56,873,260  
431  Mario Party Legends            0.044    0.026    ×0.58   0.000    0.184    0.000    0.000    2.6      110,521.27   15,643,240  
432  Candy Crush Saga               0.027    0.026    ×0.96   0.085    0.059    0.000    0.000    3.8      1,200,000    73,462,243  
433  Friday Night Funkin            0.059    0.026    ×0.43   0.000    0.246    0.000    0.000    4.2      376,381.22   16,886,925  
434  Osu Master                     0.054    0.026    ×0.47   0.000    0.226    0.000    0.000    3.1      1,344,647.03 40,670,011  
435  Deck Heroes                    0.045    0.025    ×0.56   0.000    0.190    0.000    0.000    3.3      1,686,122.47 20,702,131  
436  Combat Elite                   0.026    0.025    ×0.96   0.000    0.110    0.000    0.000    2.9      1,548,361.96 91,144,420  
437  Rise of Nations                0.022    0.025    ×1.16   0.000    0.091    0.000    0.000    2.8      827,693.74   99,942,982  
438  Warrior's Path                 0.039    0.025    ×0.64   0.000    0.164    0.000    0.000    3.2      1,366,686.73 12,773,373  
439  Wasteland                      0.044    0.025    ×0.56   0.000    0.184    0.000    0.000    2.8      757,573.58   60,878,554  
440  Back 4 Blood                   0.048    0.025    ×0.51   0.000    0.201    0.000    0.000    4.9      522,926.24   83,522,635  
441  Number Quest                   0.034    0.024    ×0.71   0.000    0.143    0.000    0.000    3.4      1,713,208.37 87,436,796  
442  Sacred Grounds                 0.068    0.024    ×0.35   0.000    0.284    0.000    0.000    3.5      1,130,234.68 86,917,336  
443  Albion Online                  0.037    0.024    ×0.65   0.000    0.029    0.000    0.067    2.7      499,950.42   67,353,287  
444  Stellaris Empire               0.025    0.024    ×0.97   0.000    0.103    0.000    0.000    3.3      1,707,522.12 95,208,946  
445  Advance Wars                   0.040    0.024    ×0.59   0.000    0.166    0.000    0.000    3.4      1,073,553.31 9,019,705   
446  Final Fantasy Tactics          0.025    0.023    ×0.93   0.000    0.104    0.000    0.000    3.7      1,121,711.61 19,129,744  
447  Just Cause Chaos               0.022    0.023    ×1.06   0.000    0.091    0.000    0.000    2.8      1,369,505.61 68,005,031  
448  Word Master                    0.030    0.023    ×0.76   0.000    0.126    0.000    0.000    3.5      875,906.58   47,756,705  
449  Astronomy Space                0.038    0.023    ×0.59   0.000    0.158    0.000    0.000    2.9      1,810,778.43 53,765,593  
450  Logic Master                   0.015    0.022    ×1.45   0.000    0.064    0.000    0.000    2.8      1,909,883.72 18,600,893  
451  Space Engineers                0.032    0.022    ×0.69   0.000    0.134    0.000    0.000    3.1      1,314,902.72 58,327,657  
452  Star Wars Online               0.030    0.022    ×0.74   0.000    0.123    0.000    0.000    2.6      1,371,661.67 11,654,184  
453  Fruit Ninja Pro                0.023    0.022    ×0.97   0.000    0.095    0.000    0.000    2.5      1,950,747.14 82,938,376  
454  Apex Legends Pro               0.024    0.022    ×0.92   0.000    0.099    0.000    0.000    3.0      809,304.15   78,876,755  
455  Sudoku Pro                     0.040    0.022    ×0.54   0.000    0.167    0.000    0.000    5.0      1,846,696.81 43,641,751  
456  Stardew Valley                 0.061    0.022    ×0.36   0.094    0.194    0.000    0.000    4.9      400,000      77,038,907  
457  Guild Wars Legends             0.025    0.021    ×0.84   0.000    0.105    0.000    0.000    2.6      1,639,017.03 2,244,013   
458  Mutant Year Zero               0.022    0.021    ×0.97   0.000    0.090    0.000    0.000    3.2      425,506.91   90,841,330  
459  Gladius                        0.024    0.021    ×0.87   0.000    0.100    0.000    0.000    2.8      1,270,687.52 29,500,381  
460  Dead Space                     0.020    0.020    ×1.02   0.000    0.083    0.000    0.000    2.8      1,504,361.61 4,818,262   
461  Crossy Road                    0.052    0.020    ×0.39   0.000    0.217    0.000    0.000    2.5      1,947,076.18 2,912,709   
462  Hollow Knight                  0.054    0.020    ×0.37   0.038    0.202    0.000    0.000    4.8      450,000      62,752,174  
463  Magic Arena                    0.023    0.020    ×0.87   0.000    0.094    0.000    0.000    3.9      1,902,095.54 83,033,083  
464  Celeste Mountain               0.022    0.020    ×0.88   0.000    0.093    0.000    0.000    3.7      1,502,150.14 74,918,000  
465  Subnautica Deep Sea            0.033    0.019    ×0.58   0.000    0.140    0.000    0.000    3.5      1,712,446.42 56,231,082  
466  Gran Turismo Pro               0.040    0.019    ×0.48   0.000    0.165    0.000    0.000    3.2      235,378.17   74,931,597  
467  Forbidden Temple               0.049    0.019    ×0.38   0.000    0.204    0.000    0.000    4.5      460,899.19   68,130,214  
468  Dishonored Legacy              0.038    0.018    ×0.49   0.000    0.157    0.000    0.000    4.3      1,909,083.73 74,408,330  
469  Donkey Kong Classic            0.020    0.018    ×0.91   0.000    0.083    0.000    0.000    2.7      1,947,310.73 79,796,877  
470  Need for Speed Ultimate        0.022    0.017    ×0.78   0.000    0.094    0.000    0.000    3.0      867,490.05   64,463,753  
471  XCOM Tactics                   0.028    0.017    ×0.61   0.000    0.118    0.000    0.000    2.9      1,426,947.87 89,399,344  
472  Drag Racing                    0.035    0.017    ×0.49   0.000    0.148    0.000    0.000    2.8      729,957.9    93,376,939  
473  Literature Master              0.053    0.017    ×0.32   0.000    0.220    0.000    0.000    3.5      1,954,321.33 79,194,071  
474  Monster Train                  0.030    0.017    ×0.56   0.000    0.127    0.000    0.000    2.9      1,402,176.27 23,490,278  
475  Airport Manager                0.020    0.016    ×0.82   0.000    0.083    0.000    0.000    3.7      1,007,387.56 70,257,822  
476  Element TD                     0.028    0.016    ×0.58   0.000    0.117    0.000    0.000    4.3      545,405.87   73,789,443  
477  Math Wizard                    0.029    0.016    ×0.56   0.000    0.120    0.000    0.000    2.9      1,338,772.69 64,980,051  
478  Color Match                    0.031    0.015    ×0.50   0.000    0.128    0.000    0.000    4.4      1,130,185.37 76,748,496  
479  Valheim Viking                 0.029    0.015    ×0.53   0.000    0.120    0.000    0.000    3.0      685,508.93   19,785,171  
480  Sonic Adventures               0.015    0.015    ×1.02   0.000    0.062    0.000    0.000    3.6      1,766,412.09 8,801,624   
481  Final Fantasy Online           0.024    0.015    ×0.65   0.000    0.098    0.000    0.000    3.9      1,901,707    66,670,192  
482  Explorer's Quest               0.033    0.015    ×0.46   0.000    0.136    0.000    0.000    2.8      1,512,655.98 59,600,649  
483  Tekken Champion                0.027    0.014    ×0.53   0.000    0.114    0.000    0.000    4.2      1,822,856.2  29,537,555  
484  Tetris Effect                  0.014    0.014    ×1.02   0.000    0.058    0.000    0.000    2.9      1,103,546.46 51,320,857  
485  Rally Championship             0.025    0.014    ×0.53   0.000    0.106    0.000    0.000    3.2      1,851,358.07 42,361,982  
486  Borderlands Vault              0.021    0.012    ×0.58   0.000    0.088    0.000    0.000    2.7      1,965,941.71 27,794,336  
487  Vermintide                     0.018    0.012    ×0.64   0.000    0.076    0.000    0.000    2.6      1,286,218.45 99,404,352  
488  Warzone Champions              0.010    0.012    ×1.18   0.000    0.041    0.000    0.000    2.6      1,869,512.76 95,444,163  
489  Poker World                    0.016    0.011    ×0.71   0.000    0.067    0.000    0.000    3.2      1,511,181.44 9,811,037   
490  Hockey Legends                 0.029    0.010    ×0.36   0.000    0.122    0.000    0.000    3.0      1,315,939.96 45,156,875  
491  Assassin's Creed Legends       0.027    0.010    ×0.37   0.000    0.114    0.000    0.000    2.9      1,736,973.21 32,489,354  
492  Pirate's Cove                  0.015    0.009    ×0.61   0.000    0.062    0.000    0.000    3.0      528,358.85   47,502,120  
493  FIFA Champions                 0.009    0.009    ×0.91   0.000    0.039    0.000    0.000    2.6      781,729.26   93,121,365  
494  Sacred Valley                  0.008    0.008    ×1.00   0.000    0.032    0.000    0.000    2.6      684,496.56   68,936,656  
495  Space Station                  0.014    0.007    ×0.53   0.000    0.058    0.000    0.000    2.9      1,006,052.71 65,208,478  
496  Philosophy Quest               0.011    0.007    ×0.67   0.000    0.045    0.000    0.000    2.8      1,686,036.31 37,954,539  
497  Happy Wheels                   0.011    0.007    ×0.62   0.000    0.045    0.000    0.000    3.0      1,120,495.99 58,225,013  
498  Treasure Hunt                  0.004    0.004    ×1.00   0.000    0.018    0.000    0.000    3.8      1,942,823.37 80,190,326  
499  XCOM Ultimate                  0.002    0.002    ×1.06   0.000    0.010    0.000    0.000    3.3      1,978,395.89 83,536,442  
500  Oxygen Not Included            0.002    0.002    ×0.97   0.000    0.007    0.000    0.000    2.8      1,412,068.81 64,152,714  
501  Legends of Runeterra           0.000    0.000    ×0.76   0.000    0.000    0.000    0.000    3.1      1,831,242.21 41,178,162  
----------------------------------------------------------------------------------------------------
Total games: 501

==================================================
SCORE STATISTICS
==================================================
Base Score      - Max: 0.339, Min: 0.000, Avg: 0.071
Boosted Score   - Max: 0.360, Min: 0.000, Avg: 0.064
Boost Factors   - Max: ×1.60, Min: ×0.32, Avg: ×0.90
Games Boosted   - 175/501 games
SVD Score       - Max: 1.000, Min: 0.001, Avg: 0.171
Content Score   - Max: 0.717, Min: 0.007, Avg: 0.255
Demo Score      - Max: 0.425, Min: 0.025, Avg: 0.193
Keyword Score   - Max: 0.267, Min: 0.067, Avg: 0.070

==================================================
TOP 5 GAMES BY SCORE TYPE
==================================================
Top 5 Hybrid Score:
  1. Assassin's Creed Valhalla - 0.360
  2. Valorant - 0.306
  3. Red Dead Redemption 2 - 0.304
  4. Grand Theft Auto V - 0.284
  5. Overwatch 2 - 0.231

Top 5 SVD Score:
  1. Assassin's Creed Valhalla - 1.000
  2. Grand Theft Auto V - 0.826
  3. Red Dead Redemption 2 - 0.808
  4. Counter-Strike 2 - 0.732
  5. Among Us - 0.694

Top 5 Content Score:
  1. Madden NFL 24 - 0.717
  2. Dota 2 - 0.667
  3. Path of Exile - 0.650
  4. Europa Universalis IV - 0.614
  5. Hearts of Iron IV - 0.612

Top 5 Keyword Score:
  1. Horror Mansion - 0.267
  2. Dead Space Horror - 0.200
  3. Assassin's Creed Valhalla - 0.067
  4. Red Dead Redemption 2 - 0.067
  5. Grand Theft Auto V - 0.067

====================================================================================================
Generated by Game Recommendation System
====================================================================================================
